0.0  0.03259932908529275
0.01  0.03721022726873567
0.02  0.04204534663222301
0.03  0.04702508924647481
0.04  0.05206022263528299
0.05  0.05705572388883358
0.06  0.06191035191822233
0.07  0.06651537413541808
0.08  0.07075676942394615
0.09  0.07452120990620961
0.1  0.07770306044310571
0.11  0.08021022781384188
0.12  0.08196852596089296
0.13  0.08292496776720956
0.14  0.08305016589557412
0.15  0.08233972549959982
0.16  0.0808144645928816
0.17  0.07851939522108557
0.18  0.07552151586771763
0.19  0.07190656313910072
0.2  0.06777494599241915
0.21  0.06323713928897302
0.22  0.05840884424214514
0.23  0.053406230831671335
0.24  0.04834156264734528
0.25  0.04331947067536955
0.26  0.038434092773673864
0.27  0.03376723316489558
0.28  0.02938762298557719
0.29  0.025351278645912256
0.3  0.021702857943695007
0.31  0.01847780346266281
0.32  0.015704941414097087
0.33  0.013409082165254816
0.34  0.011613067828079334
0.35000000000000003  0.0103386658792337
0.36  0.00960575680142159
0.37  0.009429446111405115
0.38  0.00981506584664497
0.39  0.010751500138039978
0.4  0.012203807524339895
0.41000000000000003  0.014106604159979646
0.42  0.016359971930544753
0.43  0.018829625275661503
0.44  0.02135262554951328
0.45  0.023749083570222276
0.46  0.02583916748235191
0.47000000000000003  0.027463562744333838
0.48  0.02850459002510946
0.49  0.02890472097398755
0.5  0.028679380304452252
0.51  0.02792167074028944
0.52  0.026797839529640308
0.53  0.025533659262711766
0.54  0.024393167660314494
0.55  0.023652718816166002
0.56  0.023582510268086037
0.5700000000000001  0.02452164136273852
0.58  0.027417623223931646
0.59  0.0351757663184768
0.6  0.0521719634510901
0.61  0.07638607943628005
0.62  0.09303000060002561
0.63  0.09018328592141187
0.64  0.07647942067674272
0.65  0.06722268947810472
0.66  0.06580704853403829
0.67  0.06773669862116427
0.68  0.06950404154237545
0.6900000000000001  0.06995552102707862
0.7000000000000001  0.0692789934424056
0.71  0.07015196617672602
0.72  0.07950638922731425
0.73  0.09821313372129363
0.74  0.10502143462037039
0.75  0.08327372993670804
0.76  0.05212749839001512
0.77  0.032416025200389664
0.78  0.022863468515170907
0.79  0.017074320724651086
0.8  0.012734386354888735
0.81  0.00947436508923347
0.8200000000000001  0.007181512300965687
0.8300000000000001  0.005707589259920464
0.84  0.004876587875893547
0.85  0.004512833709489521
0.86  0.0044599328963860355
0.87  0.004589519606619667
0.88  0.004802441888281477
0.89  0.005025748992001305
0.9  0.005208246783811913
0.91  0.005316343946592536
0.92  0.005331854802308106
0.93  0.005262058862446097
0.9400000000000001  0.005227116807176622
0.9500000000000001  0.005856137151435842
0.96  0.009238498311709815
0.97  0.01932419643782997
0.98  0.038282898761704875
0.99  0.05924283046338073
