0.0  0.005432433761746604
0.01  0.0069213250774118485
0.02  0.008442582263552994
0.03  0.00985945114990665
0.04  0.011023558361217002
0.05  0.011800025148591804
0.06  0.012093079689039745
0.07  0.01186547807983325
0.08  0.011146301449730608
0.09  0.01002488097635682
0.1  0.008632609788480664
0.11  0.007117763517376958
0.12  0.005619987113407398
0.13  0.004250417591431517
0.14  0.003080996522181737
0.15  0.002143461802320572
0.16  0.0014359305347459081
0.17  0.0009336212287569652
0.18  0.0006002391819333911
0.19  0.0003974904548893956
0.2  0.00029150647283446003
0.21  0.00025613016901464476
0.22  0.0002737466383067542
0.23  0.0003345977419069352
0.24  0.0004354276534094321
0.25  0.0005780447446954641
0.26  0.0007681038331740975
0.27  0.0010141957869585273
0.28  0.0013272024909905154
0.29  0.001719820795455651
0.3  0.0022061526862479815
0.31  0.002801276197405324
0.32  0.0035207365452998487
0.33  0.004379921805353148
0.34  0.005393309799377509
0.35000000000000003  0.006573592879104558
0.36  0.007930705699127167
0.37  0.009470798155165128
0.38  0.011195210978439694
0.39  0.013099523941667853
0.4  0.015172754778627884
0.41000000000000003  0.017396789202476122
0.42  0.01974611752205597
0.43  0.02218794052959493
0.44  0.024682686582395346
0.45  0.02718495409825222
0.46  0.02964486101845667
0.47000000000000003  0.03200974808273759
0.48  0.03422614961137939
0.49  0.03624191779285476
0.5  0.03800836790060792
0.51  0.0394823053049356
0.52  0.04062780222149914
0.53  0.041417612834813496
0.54  0.041834148008895955
0.55  0.04186997196860117
0.56  0.041527828778378975
0.5700000000000001  0.040820251481234714
0.58  0.039768847082513686
0.59  0.0384033827647908
0.6  0.0367608203973651
0.61  0.034884455678744125
0.62  0.032823312765243
0.63  0.03063192095575104
0.64  0.028370550478539966
0.65  0.026105901466754643
0.66  0.023912116769282316
0.67  0.021871824908552655
0.68  0.020076727790916137
0.6900000000000001  0.018627063009251058
0.7000000000000001  0.01762915049901106
0.71  0.017190253277660873
0.72  0.017410217678463936
0.73  0.018369857652878185
0.74  0.020116797176287088
0.75  0.02265038406736925
0.76  0.025908144646108404
0.77  0.029756803882260804
0.78  0.03399089068919637
0.79  0.0383412085577615
0.8  0.04249397284387388
0.81  0.04611941027982563
0.8200000000000001  0.04890649780127915
0.8300000000000001  0.05059881284646938
0.84  0.05102566950363672
0.85  0.05012312838479999
0.86  0.04794109358892847
0.87  0.04463521917134155
0.88  0.04044516154663833
0.89  0.0356631662996444
0.9  0.03059850451123327
0.91  0.02554357196941043
0.92  0.020746563093538648
0.93  0.01639385637973013
0.9400000000000001  0.012603104321686395
0.9500000000000001  0.009426032786890902
0.96  0.006858525244725331
0.97  0.004854891950830765
0.98  0.0033432819356890566
0.99  0.0022398002540146714
