0.0  0.0012368130886492598
0.01  0.001763571160294762
0.02  0.0024852768330346953
0.03  0.0034613811368173586
0.04  0.004764495772722146
0.05  0.006481528369128861
0.06  0.008714292224932247
0.07  0.011579645542414219
0.08  0.01521211862493855
0.09  0.019797984350079047
0.1  0.026723837946665573
0.11  0.0676106103308953
0.12  0.23796385817955124
0.13  0.2619346212940613
0.14  0.17112128562517928
0.15  0.23069056899128698
0.16  0.31918056961314967
0.17  0.36689668243968077
0.18  0.3522304644019741
0.19  0.2986424467099726
0.2  0.24907267904969418
0.21  0.22776354299822055
0.22  0.23185379619657856
0.23  0.247638110944881
0.24  0.2646846876499938
0.25  0.2788037989975454
0.26  0.2896428864346946
0.27  0.2980900730582281
0.28  0.30480994963028946
0.29  0.30979345230151023
0.3  0.312545733665236
0.31  0.31247790609136994
0.32  0.3092031639170728
0.33  0.3027024666465929
0.34  0.2935549797019362
0.35000000000000003  0.283492673407254
0.36  0.2761323789073992
0.37  0.2765779317617031
0.38  0.2878848296399427
0.39  0.3052082529164489
0.4  0.31418931568005587
0.41000000000000003  0.2996176171791728
0.42  0.2585049681435673
0.43  0.20322137222377037
0.44  0.15090686189328767
0.45  0.11143691688470575
0.46  0.08503504437597023
0.47000000000000003  0.06739615547574161
0.48  0.054577163031003906
0.49  0.044464191587018954
0.5  0.036227179376309065
0.51  0.029571213724820574
0.52  0.02435590447586608
0.53  0.020477395682866432
0.54  0.017849390050474787
0.55  0.01641001399549143
0.56  0.016134736242514557
0.5700000000000001  0.01705138353842352
0.58  0.019254856476777656
0.59  0.02291651484670303
0.6  0.028279582777332835
0.61  0.03562965599376936
0.62  0.045231362972854225
0.63  0.05723088647705875
0.64  0.07153930753152585
0.65  0.08772914245733236
0.66  0.1049874052218844
0.67  0.12216371912254374
0.68  0.13792717089199594
0.6900000000000001  0.15100645821066433
0.7000000000000001  0.1604500730388184
0.71  0.16582570298157107
0.72  0.16729243258130208
0.73  0.16552227484534188
0.74  0.16150087794387716
0.75  0.1562772205848683
0.76  0.15074216638054072
0.77  0.14549470398152656
0.78  0.14081578661530691
0.79  0.13673190874804303
0.8  0.1331285408899038
0.81  0.12987206943838178
0.8200000000000001  0.12691449479495495
0.8300000000000001  0.12438207902086934
0.84  0.12268272990341886
0.85  0.12269520286412672
0.86  0.12608520498993908
0.87  0.13565326801329083
0.88  0.1553239943373901
0.89  0.18912630377494458
0.9  0.2387751146908959
0.91  0.3006105490461479
0.92  0.3641028885656024
0.93  0.4142389280352362
0.9400000000000001  0.43773081214545534
0.9500000000000001  0.42955452434500213
0.96  0.3952310746300192
0.97  0.3471997273792591
0.98  0.2981097344736984
0.99  0.25567722741004495
