0.0  0.009332104344066105
0.01  0.010019398522074622
0.02  0.01052981514770614
0.03  0.010837968960470169
0.04  0.01093319220877118
0.05  0.010821123221536685
0.06  0.01052349038348518
0.07  0.010076107116457953
0.08  0.009525364243730598
0.09  0.008923720672295044
0.1  0.008324812390490398
0.11  0.007778806381193341
0.12  0.007328528210980615
0.13  0.007006718937715097
0.14  0.00683457010287238
0.15  0.006821487908768305
0.16  0.006965883766256962
0.17  0.007256697968524373
0.18  0.0076753394618794555
0.19  0.00819775664730668
0.2  0.00879642224089289
0.21  0.00944209734547201
0.22  0.01010531682261283
0.23  0.010757596856365872
0.24  0.011372400670559182
0.25  0.01192591058379965
0.26  0.01239764926633415
0.27  0.012770977510966104
0.28  0.013033477252663019
0.29  0.01317721264580161
0.3  0.013198852228070023
0.31  0.013099632867733005
0.32  0.012885150827923722
0.33  0.012564975227941004
0.34  0.012152092199134044
0.35000000000000003  0.01166220180461692
0.36  0.011112902272826375
0.37  0.01052280571849049
0.38  0.00991063529019064
0.39  0.009294355156042123
0.4  0.00869038198983008
0.41000000000000003  0.008112920134434036
0.42  0.0075734531844762285
0.43  0.007080413317775161
0.44  0.006639037362301065
0.45  0.006251406342646584
0.46  0.005916654066601644
0.47000000000000003  0.005631321084143698
0.48  0.005389824029685139
0.49  0.0051850082349113175
0.5  0.005008755644866856
0.51  0.0048526336662938
0.52  0.004708597294529482
0.53  0.0045697976490024494
0.54  0.004431595541803683
0.55  0.004292897908299511
0.56  0.004157867440971297
0.5700000000000001  0.004037824541882712
0.58  0.003952725231891365
0.59  0.003931048579078685
0.6  0.004006565585139877
0.61  0.004210770508737165
0.62  0.004561145689582182
0.63  0.005047811896304524
0.64  0.005623563442646762
0.65  0.006203207990046836
0.66  0.006676124554404966
0.67  0.006930993656173414
0.68  0.006885702305778371
0.6900000000000001  0.006511703757529239
0.7000000000000001  0.005843174665378065
0.71  0.0049671835892490645
0.72  0.003998919054350567
0.73  0.0030517564962476715
0.74  0.002212812942323647
0.75  0.0015307814306639157
0.76  0.0010168736236515134
0.77  0.0006548314590744736
0.78  0.0004140880836764105
0.79  0.0002611697954653894
0.8  0.0001669047908155954
0.81  0.00010936135512273596
0.8200000000000001  7.37850043862246e-05
0.8300000000000001  5.107700445303983e-05
0.84  3.5975868259441226e-05
0.85  2.554769443093076e-05
0.86  1.8155618180081504e-05
0.87  1.284671422263217e-05
0.88  9.023629514658158e-06
0.89  6.281547749297435e-06
0.9  4.330046867311152e-06
0.91  2.9545661789552456e-06
0.92  1.995253864591697e-06
0.93  1.3334495196784865e-06
0.9400000000000001  8.818966831705107e-07
0.9500000000000001  5.771882214736554e-07
0.96  3.7383023043460566e-07
0.97  2.3960071634598634e-07
0.98  1.5197018141604464e-07
0.99  9.538611680680508e-08
