0.0  0.3909520388952351
0.01  0.4349637815962969
0.02  0.4795383885453837
0.03  0.5240282992127111
0.04  0.5685092799590483
0.05  0.6145741194575745
0.06  0.6653830646720126
0.07  0.7232879777492016
0.08  0.7848423594585505
0.09  0.8373485284862578
0.1  0.8631328924920892
0.11  0.8512020067920547
0.12  0.8060291478561186
0.13  0.7441772769058996
0.14  0.6824011971348305
0.15  0.6289963645591655
0.16  0.5840506777034673
0.17  0.5444720835154535
0.18  0.5078456598734798
0.19  0.47337678630473
0.2  0.4412870483440671
0.21  0.4120934241454658
0.22  0.3862299131381538
0.23  0.3639327399822358
0.24  0.34524361177209306
0.25  0.3300534841657502
0.26  0.3181578306126854
0.27  0.30931262583855756
0.28  0.30328549636619184
0.29  0.2998982346425966
0.3  0.2990579194626385
0.31  0.30077483121829063
0.32  0.3051663229907564
0.33  0.3124468365955081
0.34  0.3229053088407927
0.35000000000000003  0.33687221825048486
0.36  0.35467936388032006
0.37  0.37661603047571424
0.38  0.40288539278898294
0.39  0.43356481585578815
0.4  0.46857315253133774
0.41000000000000003  0.5076473202290217
0.42  0.5503294926971715
0.43  0.5959653206964473
0.44  0.6437128326932212
0.45  0.6925611577839684
0.46  0.7413579971762998
0.47000000000000003  0.7888448271573852
0.48  0.8336990679843705
0.49  0.874582766188866
0.5  0.910197516417975
0.51  0.9393451247397157
0.52  0.9609925651855677
0.53  0.9743378283796608
0.54  0.9788703087078939
0.55  0.9744160443343309
0.56  0.9611558993494338
0.5700000000000001  0.9396058391386085
0.58  0.9105547697281879
0.59  0.8749672104573839
0.6  0.8338723931754756
0.61  0.7882720486783192
0.62  0.7390990065067236
0.63  0.6872438366384888
0.64  0.6336401430595986
0.65  0.5793713433529329
0.66  0.5257466042490884
0.67  0.4743005373914981
0.68  0.42669928599549206
0.6900000000000001  0.3845726988722675
0.7000000000000001  0.3493213696725433
0.71  0.32195559837791965
0.72  0.30300876377203784
0.73  0.29253899323540794
0.74  0.29020420777193834
0.75  0.29537786409995737
0.76  0.3072699599688781
0.77  0.32502683063486465
0.78  0.3477970374530183
0.79  0.3747629099863304
0.8  0.40514476835311597
0.81  0.4381874045373854
0.8200000000000001  0.47313773913107904
0.8300000000000001  0.5092206619828185
0.84  0.5456182160736063
0.85  0.5814559494901318
0.86  0.6157993205504803
0.87  0.647662174402817
0.88  0.6760282569968553
0.89  0.6998854059732449
0.9  0.7182705361796309
0.91  0.7303220108684151
0.92  0.7353346963053377
0.93  0.7328121653747776
0.9400000000000001  0.7225103161943193
0.9500000000000001  0.7044671866123555
0.96  0.6790149493543766
0.97  0.6467718327557465
0.98  0.6086138066002746
0.99  0.5656280246383159
