0.0  2.8765586126993537e-13
0.01  1.0661557409804084e-12
0.02  3.826873078049538e-12
0.03  1.3302812019692513e-11
0.04  4.478358290608511e-11
0.05  1.4600583257366112e-10
0.06  4.609964283037214e-10
0.07  1.4096162664711481e-09
0.08  4.174267066619067e-09
0.09  1.1971141021906618e-08
0.1  3.324810129084454e-08
0.11  8.942812757490038e-08
0.12  2.3294715624745815e-07
0.13  5.87647205311648e-07
0.14  1.435661069237884e-06
0.15  3.3967466764474845e-06
0.16  7.783060047931378e-06
0.17  1.7270845128735188e-05
0.18  3.711528374660074e-05
0.19  7.72445712672815e-05
0.2  0.00015568943251550172
0.21  0.0003038969146772641
0.22  0.0005744727499865631
0.23  0.0010516919783412541
0.24  0.0018645913992213856
0.25  0.003201509379365567
0.26  0.0053235564920040505
0.27  0.008572844419904356
0.28  0.013369772090011302
0.29  0.020192916645144554
0.3  0.02953589175299621
0.31  0.041838596696953126
0.32  0.05739580057474143
0.33  0.07625338247625833
0.34  0.09811018503799557
0.35000000000000003  0.12224892904939287
0.36  0.14752037859506972
0.37  0.1723990863903707
0.38  0.19511645119640855
0.39  0.2138596262015788
0.4  0.22700723822245789
0.41000000000000003  0.23336009526772214
0.42  0.23232153494043603
0.43  0.22398984541951292
0.44  0.20914292534465728
0.45  0.18911849942799946
0.46  0.16561544462493247
0.47000000000000003  0.14045708246602828
0.48  0.115361910045409
0.49  0.09176080599536135
0.5  0.07068511807851537
0.51  0.05273206062263695
0.52  0.038097588292053605
0.53  0.02665607567275782
0.54  0.018062211922756883
0.55  0.011852822137639798
0.56  0.007532704308943623
0.5700000000000001  0.004636525172314493
0.58  0.0027669227995932976
0.59  0.001619334855741652
0.6  0.001026093130800462
0.61  0.0010979015371789975
0.62  0.002578084846505077
0.63  0.007384745200723721
0.64  0.018763942183938384
0.65  0.039828244209069476
0.66  0.06995341860627516
0.67  0.10149978574396293
0.68  0.12162418713170554
0.6900000000000001  0.12034890576099848
0.7000000000000001  0.09833854155191779
0.71  0.06635330007424907
0.72  0.03697070686976149
0.73  0.01701020785841379
0.74  0.0064628278674745444
0.75  0.0020279199584537534
0.76  0.0005264094802388224
0.77  0.00011593092489395444
0.78  3.0473027045435964e-05
0.79  3.276595974366638e-05
0.8  7.947471156157972e-05
0.81  0.00019770793265577944
0.8200000000000001  0.00046663349363103
0.8300000000000001  0.001043799679647263
0.84  0.002220392630520381
0.85  0.004508767569491201
0.86  0.00876575746170388
0.87  0.016329846565123193
0.88  0.02908252981930004
0.89  0.04924329772887731
0.9  0.07866129693523856
0.91  0.11753729175298996
0.92  0.1629825803508152
0.93  0.2083642530450131
0.9400000000000001  0.24443160089723756
0.9500000000000001  0.26234542734115546
0.96  0.25731955041563614
0.97  0.23078657509971662
0.98  0.18971671379864946
0.99  0.14353755040836313
