0.0  0.8185132678570585
0.01  0.8268801953159514
0.02  0.8249118708150569
0.03  0.8126819478919105
0.04  0.7906454370403728
0.05  0.7596106085275323
0.06  0.7206897913585896
0.07  0.6752332436024111
0.08  0.62475157190943
0.09  0.5708329000739195
0.1  0.5150610757832379
0.11  0.4589406874965812
0.12  0.403833636447001
0.13  0.3509106219076314
0.14  0.3011193304363435
0.15  0.25516955488412024
0.16  0.21353406955446413
0.17  0.17646297858960694
0.18  0.14400851056764716
0.19  0.1160568763822454
0.2  0.09236381527095927
0.21  0.07259076390703839
0.22  0.05633911108263277
0.23  0.04318065225397012
0.24  0.032683044927855065
0.25  0.024429712598727362
0.26  0.0180341970275196
0.27  0.01314938380346685
0.28  0.009472313159701198
0.29  0.0067454430900171424
0.3  0.004755273367802233
0.31  0.0033291923961048563
0.32  0.002331301233016452
0.33  0.00165782637986588
0.34  0.0012325817543162648
0.35000000000000003  0.0010029108403776157
0.36  0.0009383095578864469
0.37  0.0010535820882068623
0.38  0.0016103507645222506
0.39  0.004156790833820552
0.4  0.014713147484568596
0.41000000000000003  0.04787348837368572
0.42  0.12090819616683052
0.43  0.2264206653400581
0.44  0.3107517232059112
0.45  0.3121658611944238
0.46  0.2310445184363327
0.47000000000000003  0.1294460471564903
0.48  0.0607302792638949
0.49  0.031973894810270874
0.5  0.02588453447272484
0.51  0.027994091913207106
0.52  0.032401862247965256
0.53  0.037662100191420626
0.54  0.04363544358394516
0.55  0.05047858987746086
0.56  0.05846373923694702
0.5700000000000001  0.06797329898136592
0.58  0.07951673783618887
0.59  0.0937462689121753
0.6  0.11146705484515479
0.61  0.13363906792101757
0.62  0.16136742991450928
0.63  0.19587773785572063
0.64  0.23847285001444388
0.65  0.29046811762661723
0.66  0.3531033724237643
0.67  0.4274323260996176
0.68  0.5141934523949893
0.6900000000000001  0.6136707032695605
0.7000000000000001  0.7255570725573072
0.71  0.8488383526751094
0.72  0.9817176395134288
0.73  1.121602493363294
0.74  1.2651754287838142
0.75  1.4085634117455725
0.76  1.547610960428619
0.77  1.6782406741640623
0.78  1.796851801827495
0.79  1.9006654975428927
0.8  1.9878920362989632
0.81  2.0576033180779443
0.8200000000000001  2.1092789687910787
0.8300000000000001  2.142164439191816
0.84  2.154782697238362
0.85  2.145056716941446
0.86  2.111376054868253
0.87  2.054478684703875
0.88  1.9792928166448158
0.89  1.895258408794569
0.9  1.8137707249172124
0.91  1.7428042852378083
0.92  1.6811544002706247
0.93  1.6163902832115935
0.9400000000000001  1.5294428494817078
0.9500000000000001  1.4045027102158452
0.96  1.2385040664639262
0.97  1.0439691805876596
0.98  0.8434201669175811
0.99  0.6593586305913931
