0.0  0.46322538108163924
0.01  0.7293739146846883
0.02  0.9275917561143054
0.03  0.8660867235580723
0.04  0.7443248293735896
0.05  0.7372922336148695
0.06  0.7944528979450154
0.07  0.8592676810438704
0.08  0.9179387044751982
0.09  0.9690376327903938
0.1  1.0152141555845815
0.11  1.0630315621828523
0.12  1.118676871013013
0.13  1.1771792374417747
0.14  1.2158419004604322
0.15  1.2073946417070178
0.16  1.1455911272518227
0.17  1.0528331176859844
0.18  0.9595787758647221
0.19  0.8817626863378587
0.2  0.818575460199667
0.21  0.763299233867269
0.22  0.7113552358771071
0.23  0.6617363014326153
0.24  0.6159017591342058
0.25  0.5770248602392815
0.26  0.5496913519604343
0.27  0.5391348801846242
0.28  0.5492813481512508
0.29  0.5797021935850517
0.3  0.6228352608403138
0.31  0.6637516488448655
0.32  0.6841227049877159
0.33  0.6695244259528608
0.34  0.6163983862096966
0.35000000000000003  0.5345630904196255
0.36  0.44435269157629687
0.37  0.3720282694487097
0.38  0.3477866867457553
0.39  0.4030929975407893
0.4  0.5549844446151866
0.41000000000000003  0.7769632922359632
0.42  0.9915962397681704
0.43  1.120456810873317
0.44  1.154287523894875
0.45  1.1586605317950702
0.46  1.2053401318343082
0.47000000000000003  1.3114960289248931
0.48  1.441337331851997
0.49  1.5432210899269054
0.5  1.5783595436651248
0.51  1.5303197366534407
0.52  1.403989594829169
0.53  1.2202882266436028
0.54  1.0083816504477876
0.55  0.7971504703369034
0.56  0.6084858963270436
0.5700000000000001  0.45423485939305214
0.58  0.3368382978841417
0.59  0.2522674333960162
0.6  0.19347690877928098
0.61  0.15310697989595923
0.62  0.12498695246543788
0.63  0.104611559592253
0.64  0.08900560957189446
0.65  0.07635248588814796
0.66  0.06561306385117813
0.67  0.056226499223628636
0.68  0.047905467639256696
0.6900000000000001  0.04050755222283153
0.7000000000000001  0.0339595537711819
0.71  0.028215869358347124
0.72  0.023237763294270432
0.73  0.01898488571703436
0.74  0.01541355854485118
0.75  0.012478454278481627
0.76  0.010135643065510899
0.77  0.008345805574342058
0.78  0.007076879805432754
0.79  0.0063056675778220715
0.8  0.006018075964045899
0.81  0.006207784920882116
0.8200000000000001  0.006873263217912693
0.8300000000000001  0.008013226099292541
0.84  0.009620843874335684
0.85  0.01167725344127816
0.86  0.014145157698577044
0.87  0.016963469895713998
0.88  0.020044016184220862
0.89  0.02327120465717112
0.9  0.026505282271259988
0.91  0.029589347845237705
0.92  0.032359726391103724
0.93  0.03465872932633758
0.9400000000000001  0.03634833788138481
0.9500000000000001  0.037323059882060326
0.96  0.037520198993427435
0.97  0.03692606453555383
0.98  0.035577201426478106
0.99  0.03355643922501044
