0.0  0.025852344160333704
0.01  0.03512851267145671
0.02  0.035295381870085386
0.03  0.026425306091951994
0.04  0.015216692305185412
0.05  0.007709394505930222
0.06  0.005093837135878252
0.07  0.0057734590938741896
0.08  0.008338272226874392
0.09  0.012357297874108556
0.1  0.01798453754684737
0.11  0.025584282630864937
0.12  0.035575152438605206
0.13  0.04835286747530757
0.14  0.06420000517746462
0.15  0.08315843003310343
0.16  0.10488251807956643
0.17  0.12852738811826014
0.18  0.1527445951091606
0.19  0.17583412840732413
0.2  0.19603327335042672
0.21  0.2118456594174317
0.22  0.22228307685320045
0.23  0.2269376647850376
0.24  0.22589515686835612
0.25  0.21957552754825355
0.26  0.20859699073854393
0.27  0.19370893112915363
0.28  0.17577680947533902
0.29  0.15577183837687106
0.3  0.13472956204510234
0.31  0.11367294876541228
0.32  0.09352073970910714
0.33  0.07500846124301894
0.34  0.05864125147056031
0.35000000000000003  0.04468427347850548
0.36  0.033185554411633685
0.37  0.02402035312701437
0.38  0.01694504584984382
0.39  0.011650325338688932
0.4  0.007806653596482613
0.41000000000000003  0.00509827414205936
0.42  0.00324498609123839
0.43  0.002012954057845843
0.44  0.0012169878757729573
0.45  0.000717083956215649
0.46  0.0004117988513072316
0.47000000000000003  0.00023047915361094345
0.48  0.0001257215347870438
0.49  6.683742471698238e-05
0.5  3.4630925843605455e-05
0.51  1.7488552160435348e-05
0.52  8.608763670203297e-06
0.53  4.133048572080443e-06
0.54  1.940492008718939e-06
0.55  9.023724223254255e-07
0.56  4.398157537143331e-07
0.5700000000000001  2.726064517213119e-07
0.58  2.847574721233333e-07
0.59  4.609060013189456e-07
0.6  8.680875985646351e-07
0.61  1.6720412380279679e-06
0.62  3.1881483254440086e-06
0.63  5.9763504404865915e-06
0.64  1.0998379104572166e-05
0.65  1.9865243083559145e-05
0.66  3.521334530831422e-05
0.67  6.125817871707603e-05
0.68  0.00010458353708388194
0.6900000000000001  0.00017522853817508396
0.7000000000000001  0.0002881300676598562
0.71  0.00046495888262696486
0.72  0.0007363473696520189
0.73  0.0011444403289880755
0.74  0.0017456042479289124
0.75  0.002613007459323503
0.76  0.003838643069194156
0.77  0.00553422786603714
0.78  0.007830302944407414
0.79  0.010872822931811401
0.8  0.014816590891726277
0.81  0.01981511022112648
0.8200000000000001  0.026006803603700102
0.8300000000000001  0.033498101820887735
0.84  0.04234473146796471
0.85  0.05253444217060193
0.86  0.06398158399906279
0.87  0.07657134733410169
0.88  0.09037327768986951
0.89  0.10630308740413541
0.9  0.12760234292108324
0.91  0.16196881071885277
0.92  0.22234458675344437
0.93  0.3222269503041324
0.9400000000000001  0.46307629006069734
0.9500000000000001  0.6203305764932104
0.96  0.7438373665234519
0.97  0.78227850895159
0.98  0.7171976491886443
0.99  0.5765719891323188
