0.0  0.06118328128765745
0.01  0.10014184890914225
0.02  0.1448291552418329
0.03  0.18770125067045115
0.04  0.2318917710871585
0.05  0.30864804669255325
0.06  0.44213862168089124
0.07  0.5503224687288333
0.08  0.49401553141273236
0.09  0.296891424943295
0.1  0.11931238961080837
0.11  0.034428902087904605
0.12  0.008570067326672834
0.13  0.0023082879644765663
0.14  0.0007121400349921755
0.15  0.00027654497417927776
0.16  0.00020233108355190656
0.17  0.00026394927248829254
0.18  0.0004064786003893876
0.19  0.0006448809572563734
0.2  0.0010618812465608995
0.21  0.001907749630723754
0.22  0.003863663008328542
0.23  0.008476681064569735
0.24  0.018712645519630065
0.25  0.04104665682574922
0.26  0.09108390710372816
0.27  0.17805454370895724
0.28  0.24984318280248963
0.29  0.24164854772935732
0.3  0.1956760191791918
0.31  0.17864167903864248
0.32  0.19788431295736109
0.33  0.24472463225619218
0.34  0.3151150586218109
0.35000000000000003  0.4033081243253598
0.36  0.5005697232309694
0.37  0.5969422409539947
0.38  0.6829450893426732
0.39  0.7511702129215044
0.4  0.7976841099548195
0.41000000000000003  0.8227263045684235
0.42  0.8303029679223314
0.43  0.8267356688768809
0.44  0.8186715882115487
0.45  0.8112492604327975
0.46  0.8069863514093005
0.47000000000000003  0.8056175334344332
0.48  0.804744645453631
0.49  0.8009259786428806
0.5  0.7907885976165613
0.51  0.7718588990286301
0.52  0.7429819157542891
0.53  0.7047302827982677
0.54  0.7063108156378073
0.55  0.9911708046921208
0.56  0.7323656003783227
0.5700000000000001  0.49294807785440753
0.58  0.4296445700387359
0.59  0.3751691211369874
0.6  0.32676601061750726
0.61  0.2876191304768036
0.62  0.26175214674001923
0.63  0.25392401209263965
0.64  0.2688133469862922
0.65  0.30931489201572715
0.66  0.3742509759536206
0.67  0.4564138128777464
0.68  0.5422156937248017
0.6900000000000001  0.6138955028669895
0.7000000000000001  0.6541146697603839
0.71  0.651376068692589
0.72  0.6039157411051663
0.73  0.5202108712369884
0.74  0.41585626268733794
0.75  0.3083244829281514
0.76  0.21196671808692719
0.77  0.13512567093125835
0.78  0.07990283545537817
0.79  0.04385906291341905
0.8  0.022378461428176497
0.81  0.010640675568554754
0.8200000000000001  0.004736563932361146
0.8300000000000001  0.001990284085220565
0.84  0.0008011720536672152
0.85  0.00031665728254018724
0.86  0.00012736053409650628
0.87  5.421554909073374e-05
0.88  2.5018651967453532e-05
0.89  1.2449071523117089e-05
0.9  6.507571893333749e-06
0.91  3.4763314998617303e-06
0.92  1.8621217024613946e-06
0.93  9.899493227160086e-07
0.9400000000000001  5.198130662752073e-07
0.9500000000000001  2.690492422190161e-07
0.96  1.3715987602238432e-07
0.97  6.885120362103736e-08
0.98  3.4028642882683325e-08
0.99  1.655822497702046e-08
