0.0  0.00033547055019277354
0.01  0.0015338271850955688
0.02  0.005976059246070178
0.03  0.019841186124248754
0.04  0.05613504313051346
0.05  0.13533630639928196
0.06  0.2780413379296474
0.07  0.48676812076285936
0.08  0.7262084562086998
0.09  0.9233244148604629
0.1  1.000675712727537
0.11  0.9251445349429261
0.12  0.7317672197560765
0.13  0.5011048058894366
0.14  0.3118412466511331
0.15  0.20872602501982304
0.16  0.20299868464897597
0.17  0.29071712334236377
0.18  0.4664432142718675
0.19  0.7229675848890978
0.2  1.042090778585829
0.21  1.3865430252514246
0.22  1.7008215441219472
0.23  1.9231976119737204
0.24  2.004826774914168
0.25  1.9273014250805858
0.26  1.7100399672432416
0.27  1.4046364872433308
0.28  1.0821570098774667
0.29  0.825313996410199
0.3  0.731297661586132
0.31  0.9068700643967769
0.32  1.415803491007614
0.33  2.1764970362297347
0.34  2.914252972513092
0.35000000000000003  3.3038227296433296
0.36  3.2447414329574933
0.37  2.9745005446653576
0.38  2.8284914627788624
0.39  2.8810259287239606
0.4  2.898672528164353
0.41000000000000003  2.661479905786506
0.42  2.2294727351540518
0.43  1.8462763071304804
0.44  1.6806553397526953
0.45  1.732421165336728
0.46  1.9175367226059534
0.47000000000000003  2.162007670597581
0.48  2.4267976377544334
0.49  2.694643540363311
0.5  2.9559949985899423
0.51  3.203000891588795
0.52  3.4280995830161074
0.53  3.624061157560726
0.54  3.7843397657562363
0.55  3.9034630603199734
0.56  3.9773974690732055
0.5700000000000001  4.003866278923412
0.58  3.982607853274734
0.59  3.915568866968481
0.6  3.8070333964638983
0.61  3.6636908321344857
0.62  3.4946415449705683
0.63  3.3113276921859183
0.64  3.127358189828535
0.65  2.958175423119349
0.66  2.8204938105497144
0.67  2.7314366979457363
0.68  2.7073186050011295
0.6900000000000001  2.762071944214953
0.7000000000000001  2.9054010726457635
0.71  3.14085118887578
0.72  3.464082578152305
0.73  3.861710685625394
0.74  4.3110769053059315
0.75  4.781230800092746
0.76  5.2352289982609745
0.77  5.633613369997691
0.78  5.938670927906714
0.79  6.118864833914511
0.8  6.152721735202142
0.81  6.031504703601698
0.8200000000000001  5.760195439255277
0.8300000000000001  5.356615197792326
0.84  4.848860403653822
0.85  4.271533506082022
0.86  3.661441738386979
0.87  3.0534773804464983
0.88  2.477285376281707
0.89  1.95510747079749
0.9  1.5009286926430911
0.91  1.1208071289521886
0.92  0.8140916023926996
0.93  0.5751485195068418
0.9400000000000001  0.39522624537445505
0.9500000000000001  0.2641597987447656
0.96  0.17172759809622182
0.97  0.10858354264344706
0.98  0.06677859830753007
0.99  0.039944725572902615
