0.0  0.3362545381787209
0.01  0.348164854739936
0.02  0.3596239901436842
0.03  0.4077916279575936
0.04  0.5956896171095089
0.05  0.7406380654224329
0.06  0.555405689278504
0.07  0.3793168716935598
0.08  0.3340987076647689
0.09  0.316662174573314
0.1  0.29868920762006995
0.11  0.278871227932966
0.12  0.2576932759518297
0.13  0.23567736003299694
0.14  0.21332853616990988
0.15  0.19111648459929148
0.16  0.16946080059117238
0.17  0.1487205380451862
0.18  0.12918861660290532
0.19  0.11109173992111475
0.2  0.09459670481174046
0.21  0.07982431889412357
0.22  0.066872250442113
0.23  0.05584733173642299
0.24  0.04690520567204949
0.25  0.04029005352288949
0.26  0.03635992878214469
0.27  0.03557661536569826
0.28  0.038438396124480856
0.29  0.045349873111123824
0.3  0.056492201226080195
0.31  0.07203979512623418
0.32  0.09386133927696605
0.33  0.1302224688455226
0.34  0.1998465788544414
0.35000000000000003  0.31941878033518545
0.36  0.46707783541984504
0.37  0.5682425498817872
0.38  0.5597032995351313
0.39  0.46990015537266416
0.4  0.3977308212220778
0.41000000000000003  0.4176212848433313
0.42  0.5267429848673896
0.43  0.660683337233684
0.44  0.7440272222076969
0.45  0.7459956367111663
0.46  0.6968130285381678
0.47000000000000003  0.647790834403785
0.48  0.6249999709808843
0.49  0.6230847527654009
0.5  0.6259330803446569
0.51  0.6218264910378564
0.52  0.6053329712121382
0.53  0.5745651679830324
0.54  0.5296984846251909
0.55  0.4729580845039382
0.56  0.4086633467022972
0.5700000000000001  0.34254172070696276
0.58  0.28039549124334406
0.59  0.22670281184598295
0.6  0.18375505601176167
0.61  0.15159913148453574
0.62  0.12863990476552414
0.63  0.1125153221144202
0.64  0.1008667241538652
0.65  0.09180172641539536
0.66  0.08404040832087198
0.67  0.0768494952874363
0.68  0.06988874943467151
0.6900000000000001  0.06305692200708544
0.7000000000000001  0.056376415375076074
0.71  0.04992203202760181
0.72  0.043784703057972316
0.73  0.03805994229956112
0.74  0.032855569291311656
0.75  0.028319050486650895
0.76  0.024688864163075582
0.77  0.022374374453545745
0.78  0.02206224836895406
0.79  0.024832577789525908
0.8  0.03224619618544741
0.81  0.046344354750708965
0.8200000000000001  0.06949726091497409
0.8300000000000001  0.10406228607308761
0.84  0.15186566697522288
0.85  0.21358176620202005
0.86  0.2881198208027447
0.87  0.3721284629023152
0.88  0.4597248795168732
0.89  0.5425965496660597
0.9  0.61069767631255
0.91  0.6537490404783668
0.92  0.6634955567844126
0.93  0.6361847850344364
0.9400000000000001  0.5742855175231858
0.9500000000000001  0.4864828055177412
0.96  0.38564193810077296
0.97  0.2854188741849566
0.98  0.19687942877872883
0.99  0.12641660644183544
