0.0  0.0919674926593868
0.01  0.1030931551270377
0.02  0.11386952493254193
0.03  0.12399798174654203
0.04  0.1332322341747447
0.05  0.14140581538006872
0.06  0.14844742720750484
0.07  0.15437901224464903
0.08  0.1592946305527643
0.09  0.16332248873618246
0.1  0.16657685342378778
0.11  0.1691099478153087
0.12  0.17087526453215818
0.13  0.17171241969120735
0.14  0.17135972826440712
0.15  0.16949480280591633
0.16  0.16579696807612507
0.17  0.16001975684221
0.18  0.1520587088306082
0.19  0.1420000725666572
0.2  0.13013985109964515
0.21  0.11696901225881572
0.22  0.10312795397207981
0.23  0.08933962284042359
0.24  0.0763346546729097
0.25  0.06478338325248188
0.26  0.05525024123534103
0.27  0.04818914452740216
0.28  0.04400466035490396
0.29  0.043201171796114726
0.3  0.04659687214231012
0.31  0.055456758987797394
0.32  0.07124587061859809
0.33  0.0947285235020318
0.34  0.12458642178645236
0.35000000000000003  0.15648225485991804
0.36  0.18395648093957886
0.37  0.20269981231046152
0.38  0.21897823977472888
0.39  0.24925393798895507
0.4  0.2846715382390188
0.41000000000000003  0.27638556095208594
0.42  0.2163964045648893
0.43  0.15832471522283917
0.44  0.12963358704762115
0.45  0.11756526954590903
0.46  0.10905424748481313
0.47000000000000003  0.1001949994345725
0.48  0.09054714820254287
0.49  0.0803766121050034
0.5  0.07008930664050063
0.51  0.060102721659324156
0.52  0.05079669185946566
0.53  0.042493064812442305
0.54  0.035449655720747694
0.55  0.029861315062383636
0.56  0.025863503188124738
0.5700000000000001  0.023535032597070408
0.58  0.023229980218599185
0.59  0.03811994274616798
0.6  0.04006077047882738
0.61  0.03064956933516457
0.62  0.03534959699785114
0.63  0.04110674074791467
0.64  0.04726046237766459
0.65  0.05343546191134721
0.66  0.0592928854403495
0.67  0.06457343031912344
0.68  0.06913170263533916
0.6900000000000001  0.07295353297325566
0.7000000000000001  0.07615135865041223
0.71  0.07893756789851691
0.72  0.08158067659433199
0.73  0.0843529610081948
0.74  0.08747969688307866
0.75  0.09109917491029085
0.76  0.09523965631537336
0.77  0.09981541113682163
0.78  0.10464010010582285
0.79  0.10945293691824683
0.8  0.11395174932015902
0.81  0.11782719134373619
0.8200000000000001  0.12079352848382555
0.8300000000000001  0.12261306196627324
0.84  0.12311287631061275
0.85  0.12219386674340282
0.86  0.11983281741212896
0.87  0.11607870468478645
0.88  0.11104451885985804
0.89  0.10489586638186708
0.9  0.09783753002651513
0.91  0.09009907326702024
0.92  0.08192048356377715
0.93  0.07353874312115737
0.9400000000000001  0.06517607780623852
0.9500000000000001  0.05703045785173105
0.96  0.04926871334860387
0.97  0.042022400181480894
0.98  0.03538633063059322
0.99  0.029419490015377633
