0.0  0.020733588940897812
0.01  0.02856754875223758
0.02  0.03751544450235582
0.03  0.04695574841143115
0.04  0.056016212220455226
0.05  0.0636931627527982
0.06  0.06903018691509084
0.07  0.07131399514308295
0.08  0.07023265300280082
0.09  0.06594808958275936
0.1  0.05906003427362779
0.11  0.0504729191561483
0.12  0.04120702635277112
0.13  0.03220872005695491
0.14  0.024208076887389816
0.15  0.017650538095913305
0.16  0.012702795251337775
0.17  0.009312432060109682
0.18  0.00729180026398855
0.19  0.0063991592791836005
0.2  0.006399869745772238
0.21  0.0071017662376665685
0.22  0.008367517540880881
0.23  0.010111126920011208
0.24  0.012286227886840402
0.25  0.014872073889312942
0.26  0.017860706366701406
0.27  0.021246756256497062
0.28  0.025020081408749336
0.29  0.029160909824700324
0.3  0.03363710044695685
0.31  0.03840329872321495
0.32  0.04340197636224748
0.33  0.04856650334045248
0.34  0.05382645268287847
0.35000000000000003  0.059115250395538575
0.36  0.06438002342722571
0.37  0.06959304500711594
0.38  0.07476353519488838
0.39  0.07994780980914037
0.4  0.0852550341117491
0.41000000000000003  0.09084537421732412
0.42  0.0969174600707596
0.43  0.10368307737621213
0.44  0.1113290561881166
0.45  0.11996931488955952
0.46  0.12959347678780217
0.47000000000000003  0.1400215670730456
0.48  0.15087597420151053
0.49  0.161581160167901
0.5  0.17139802061218284
0.51  0.1794935890638245
0.52  0.18503909538543054
0.53  0.18732207443821
0.54  0.18585335176041526
0.55  0.18044897289733297
0.56  0.17127116797948866
0.5700000000000001  0.15882064213202887
0.58  0.14388304623702872
0.59  0.12744281195934823
0.6  0.11058476028989092
0.61  0.09440534973502993
0.62  0.0799492153334705
0.63  0.06817269048471661
0.64  0.05991785739030661
0.65  0.055867042100992914
0.66  0.056450907606013456
0.67  0.06171210347373624
0.68  0.07117416828131702
0.6900000000000001  0.08380317873673601
0.7000000000000001  0.09813761149160823
0.71  0.11258206994187639
0.72  0.12575032080279286
0.73  0.13668873790778
0.74  0.14488121536010423
0.75  0.15009927456377092
0.76  0.15228058164972175
0.77  0.15157138822021354
0.78  0.1484811487884689
0.79  0.14394908428423422
0.8  0.13916769392225994
0.81  0.1352110062564965
0.8200000000000001  0.13268306594520302
0.8300000000000001  0.13158687377278744
0.84  0.1314509375275755
0.85  0.13159460475008744
0.86  0.1313752148982475
0.87  0.13032692191773268
0.88  0.1281896100953542
0.89  0.12487410933702095
0.9  0.12041028951577191
0.91  0.11490326897353202
0.92  0.1085036120126436
0.93  0.1013882392739796
0.9400000000000001  0.09374736947458884
0.9500000000000001  0.08577441507099598
0.96  0.07765749021503689
0.97  0.06957220636207802
0.98  0.0616758323308527
0.99  0.054102965210655905
