0.0  0.011597870261542624
0.01  0.033327268323356224
0.02  0.08569736759840534
0.03  0.1971887749909901
0.04  0.4060185038884375
0.05  0.7481064813159592
0.06  1.2335238222748173
0.07  1.8202469953287679
0.08  2.404339985721405
0.09  2.844265925659401
0.1  3.0176950394576108
0.11  2.883085065849967
0.12  2.5086880125888786
0.13  2.050761617073544
0.14  1.6959395323766029
0.15  1.6012852970968265
0.16  1.8564273135375922
0.17  2.4696212450288293
0.18  3.3670974858098925
0.19  4.400539283642416
0.2  5.36884211372335
0.21  6.061198900587019
0.22  6.315452713844075
0.23  6.069863362152188
0.24  5.38289796712418
0.25  4.409622504008146
0.26  3.34597168808631
0.27  2.36877207200065
0.28  1.6024131992533681
0.29  1.137496225685516
0.3  1.1109994442646691
0.31  1.7919896147035115
0.32  3.488393457742903
0.33  6.121896480644012
0.34  8.815518765511873
0.35000000000000003  10.285879483896698
0.36  10.049010979555007
0.37  9.031361166686821
0.38  8.576917566316293
0.39  8.984137395236315
0.4  9.387670288692785
0.41000000000000003  8.973774063294876
0.42  7.886735384849149
0.43  6.884281649295662
0.44  6.498293294568777
0.45  6.736545966024166
0.46  7.345026241956699
0.47000000000000003  8.096791407209468
0.48  8.86992032221074
0.49  9.60911797763477
0.5  10.284052136905046
0.51  10.871616133048773
0.52  11.351849678705111
0.53  11.708052940146176
0.54  11.927659750304812
0.55  12.003057420181767
0.56  11.932192407219617
0.5700000000000001  11.718930597548388
0.58  11.373183106788098
0.59  10.91083713344141
0.6  10.353549259733862
0.61  9.728459038091046
0.62  9.06785749305207
0.63  8.408795705692787
0.64  7.79254693067351
0.65  7.263754892072854
0.66  6.869034231841917
0.67  6.654767493071944
0.68  6.663898558204992
0.6900000000000001  6.931677500735676
0.7000000000000001  7.480566263318888
0.71  8.31483536966067
0.72  9.415700070219769
0.73  10.738064498505153
0.74  12.209965617107779
0.75  13.735564864909247
0.76  15.202015595900905
0.77  16.489810646875757
0.78  17.48543564592821
0.79  18.094514110805093
0.8  18.253315877444052
0.81  17.936629448244755
0.8200000000000001  17.160578398780686
0.8300000000000001  15.979875763329877
0.84  14.480046592836084
0.85  12.766060043112578
0.86  10.949386774543152
0.87  9.135619099607991
0.88  7.41446754906732
0.89  5.853297452748247
0.9  4.494579466910405
0.91  3.3568938980934475
0.92  2.4386003192848458
0.93  1.723034597998659
0.9400000000000001  1.1841172952643046
0.9500000000000001  0.7914811915956099
0.96  0.5145528713561369
0.97  0.32535821518542635
0.98  0.20009447138943937
0.99  0.1196876660522252
