0.0  1.0734165224497685e-17
0.01  3.3351018652102304e-17
0.02  1.0516576816799844e-16
0.03  1.909142556501139e-15
0.04  4.640040191685086e-13
0.05  7.946908665017921e-11
0.06  8.100252806405358e-09
0.07  4.904760777875423e-07
0.08  1.7641796020857292e-05
0.09  0.0003769407770919819
0.1  0.004784194097999847
0.11  0.03607030408445598
0.12  0.16154598150496396
0.13  0.4297816393771889
0.14  0.6792112959849266
0.15  0.6376278608455783
0.16  0.35557810680145696
0.17  0.11778990874031407
0.18  0.023178563121405312
0.19  0.0027093834586930784
0.2  0.00018813364713396753
0.21  7.766702326443876e-06
0.22  2.0506830312830062e-07
0.23  3.482663916406288e-08
0.24  6.769466870271257e-08
0.25  1.4049317238668513e-07
0.26  2.869496268419117e-07
0.27  5.767729473154936e-07
0.28  1.1415609306991085e-06
0.29  2.2267619749513636e-06
0.3  4.286517613837471e-06
0.31  8.158424506883276e-06
0.32  1.539072601763917e-05
0.33  2.8865584476203895e-05
0.34  5.400127739724573e-05
0.35000000000000003  0.00010107588889733706
0.36  0.00018966772241436124
0.37  0.00035692741225167577
0.38  0.0006724052679931616
0.39  0.0012633166218413115
0.4  0.002354983338127174
0.41000000000000003  0.0043308219652652795
0.42  0.007813279877871757
0.43  0.01376017374775385
0.44  0.023562913024991486
0.45  0.03922348347886073
0.46  0.06517439409939269
0.47000000000000003  0.12174238799973439
0.48  0.2787488250924887
0.49  0.6034908105433625
0.5  0.9249320071803678
0.51  0.9528994681718208
0.52  0.8031122360665303
0.53  0.7777269351066303
0.54  0.9061586684161805
0.55  1.0825384949314336
0.56  1.2375315240511409
0.5700000000000001  1.3350429093908511
0.58  1.3587641743821854
0.59  1.3143254970048375
0.6  1.2255574782017162
0.61  1.12231927356355
0.62  1.028015839640585
0.63  0.953883250862312
0.64  0.9006511140204656
0.65  0.8634885818121127
0.66  0.8362008154933686
0.67  0.8132722296177897
0.68  0.7903663202677236
0.6900000000000001  0.7642778935614197
0.7000000000000001  0.732859923957635
0.71  0.6949982748283416
0.72  0.6505557801596132
0.73  0.6002361914826653
0.74  0.5453788503019351
0.75  0.4877280024722934
0.76  0.42922948209868783
0.77  0.37190936730780816
0.78  0.317891476158859
0.79  0.2696004973645595
0.8  0.23014015644790875
0.81  0.20369196310998344
0.8200000000000001  0.19556113957020568
0.8300000000000001  0.21133606439073416
0.84  0.2547833641768142
0.85  0.324776430905471
0.86  0.4125803864293183
0.87  0.5014857394580884
0.88  0.5702288665617559
0.89  0.5996774429270036
0.9  0.579959459596674
0.91  0.5143404906746567
0.92  0.4176803442236517
0.93  0.31035079793273307
0.9400000000000001  0.21092124314900743
0.9500000000000001  0.13109752128977636
0.96  0.07452611573986397
0.97  0.038760840705045006
0.98  0.01845563243752967
0.99  0.008054982471797131
