0.0  0.07495440293798075
0.01  0.09905096030504981
0.02  0.1289541271519114
0.03  0.16538488016832964
0.04  0.20893079266017145
0.05  0.25996289989704274
0.06  0.31854744400817936
0.07  0.38436099110678423
0.08  0.4566197483428106
0.09  0.5340354275610005
0.1  0.6148102334793608
0.11  0.696682122794915
0.12  0.777028188750871
0.13  0.8530288958767072
0.14  0.9218891501220758
0.15  0.9811042115644316
0.16  1.0287496889378989
0.17  1.0637658351413974
0.18  1.0861978810324797
0.19  1.0973475650418885
0.2  1.0997886177791836
0.21  1.097204001659737
0.22  1.0940188269903814
0.23  1.0948326014122844
0.24  1.1036970488608386
0.25  1.1233349948133904
0.26  1.1544395313388656
0.27  1.1952145667739884
0.28  1.2413026472833435
0.29  1.2861862208389123
0.3  1.3220507571161864
0.31  1.3409843211191566
0.32  1.336291051760847
0.33  1.30364836339402
0.34  1.2418597966918725
0.35000000000000003  1.1530456080881424
0.36  1.0422466055881923
0.37  0.9165536579532032
0.38  0.7839753958355897
0.39  0.652293466122442
0.4  0.528124217321356
0.41000000000000003  0.4163253928838879
0.42  0.3197866036800475
0.43  0.23955390361002007
0.44  0.17518279674591913
0.45  0.12519706127097527
0.46  0.08754647055914892
0.47000000000000003  0.05999099775499239
0.48  0.04037768886423405
0.49  0.02680825113771128
0.5  0.01771546872334723
0.51  0.01187486896598464
0.52  0.008377750131544754
0.53  0.00658684391859559
0.54  0.006090094810604442
0.55  0.006663449213702387
0.56  0.008250119197472991
0.5700000000000001  0.010958499731725545
0.58  0.015068709208220458
0.59  0.021017413449379126
0.6  0.02931529515247795
0.61  0.04037109551136474
0.62  0.05427286676366162
0.63  0.07068054144455047
0.64  0.08901925787470182
0.65  0.10904455415697936
0.66  0.13161179104568924
0.67  0.15927740671639382
0.68  0.19631829970605066
0.6900000000000001  0.24786942919888225
0.7000000000000001  0.31810070433832394
0.71  0.4077532608842784
0.72  0.5120045694239564
0.73  0.620243626892766
0.74  0.7191883405044074
0.75  0.7992711445684382
0.76  0.8616581633518915
0.77  0.9210883838634959
0.78  1.0000094733806482
0.79  1.1138524675798922
0.8  1.254787508770827
0.81  1.3865712959883876
0.8200000000000001  1.4588596036732278
0.8300000000000001  1.4349739756535884
0.84  1.314043530153314
0.85  1.1309272443171587
0.86  0.9350551500880981
0.87  0.7653042402619035
0.88  0.6375237561320407
0.89  0.5479053771921526
0.9  0.4839372835751325
0.91  0.4336227626920409
0.92  0.3893116451620113
0.93  0.3474922298940282
0.9400000000000001  0.3071805781619529
0.9500000000000001  0.268519295649238
0.96  0.23198660014016326
0.97  0.19805662521087095
0.98  0.16708521948500762
0.99  0.13928525603556466
