0.0  0.2085437547727581
0.01  0.2094669919983306
0.02  0.20795305776689543
0.03  0.20416707078074744
0.04  0.19838947808494617
0.05  0.1909981173372262
0.06  0.18243646073012124
0.07  0.1731699113202712
0.08  0.1636374139711706
0.09  0.15421168112801378
0.1  0.14518505596343817
0.11  0.13679597025215962
0.12  0.12930090472173605
0.13  0.12307943737773532
0.14  0.11873950901332234
0.15  0.11717323736141647
0.16  0.11950854502557634
0.17  0.12691830751316202
0.18  0.1403485030671946
0.19  0.16103803488640756
0.2  0.19547740651309586
0.21  0.26005729647289744
0.22  0.3452408574204564
0.23  0.38094444494716284
0.24  0.34339759743963344
0.25  0.296687827066415
0.26  0.2695136647255678
0.27  0.2459666724775245
0.28  0.21699310204695813
0.29  0.1839705567931054
0.3  0.1504653213687033
0.31  0.11949785099945846
0.32  0.092946377491844
0.33  0.07151384259715766
0.34  0.054983814328726045
0.35000000000000003  0.04259775070679214
0.36  0.03340935263913623
0.37  0.026532327029519166
0.38  0.021263563056141452
0.39  0.017107966260940355
0.4  0.013747130534950424
0.41000000000000003  0.010989195121019575
0.42  0.008723796731028138
0.43  0.006893482001785327
0.44  0.005485566798473469
0.45  0.00454606771621859
0.46  0.0042171958542224905
0.47000000000000003  0.004797954084742416
0.48  0.006819504229330952
0.49  0.011110947903280982
0.5  0.018809897857448857
0.51  0.03125676923135068
0.52  0.04972039373984348
0.53  0.07495215862876475
0.54  0.10665589585873447
0.55  0.14305968806954303
0.56  0.180824406270538
0.5700000000000001  0.21546448860363837
0.58  0.2422776683634756
0.59  0.25754539250974784
0.6  0.2595943557574302
0.61  0.249311218843285
0.62  0.2299005326130061
0.63  0.2059804753345526
0.64  0.182367840338997
0.65  0.16298749735882323
0.66  0.15022932148246476
0.67  0.14484971301468386
0.68  0.1463008262229737
0.6900000000000001  0.15326000505404747
0.7000000000000001  0.16414201978834472
0.71  0.17746314828892196
0.72  0.19202551008294713
0.73  0.2069578512436219
0.74  0.2216731591635786
0.75  0.23579581959875512
0.76  0.24909054247585743
0.77  0.2614062357042048
0.78  0.2726362730339522
0.79  0.2826918729432211
0.8  0.2914848157514662
0.81  0.29891685908277454
0.8200000000000001  0.3048744404244144
0.8300000000000001  0.3092280278507396
0.84  0.3118358156227829
0.85  0.3125526002485672
0.86  0.31126438222963854
0.87  0.30816668984989243
0.88  0.30551153600772213
0.89  0.3134204907050446
0.9  0.3546224246597056
0.91  0.440738508607635
0.92  0.52178708558012
0.93  0.5115850747890854
0.9400000000000001  0.4042805866517004
0.9500000000000001  0.28377701077155126
0.96  0.20798632419135557
0.97  0.1700792654983651
0.98  0.1470375000863187
0.99  0.12780994370741958
