0.0  0.017433454526505875
0.01  0.02660415265241151
0.02  0.03933623743851158
0.03  0.0563525548202696
0.04  0.07821891931326592
0.05  0.10519314034485588
0.06  0.13706937645695338
0.07  0.17304970436413936
0.08  0.2116794478559905
0.09  0.2508787829384522
0.1  0.2880889376409669
0.11  0.32052849013385387
0.12  0.34552868016813804
0.13  0.3608934272250764
0.14  0.36521722442138455
0.15  0.358097210892249
0.16  0.3401950836348768
0.17  0.31313566536510024
0.18  0.2792636729537406
0.19  0.2413091354416415
0.2  0.2020274998925323
0.21  0.1638794972663815
0.22  0.1288000893618796
0.23  0.0980810515711637
0.24  0.07236548387445589
0.25  0.051731519503910105
0.26  0.03583079197448843
0.27  0.02404556509189291
0.28  0.0156347512467082
0.29  0.009849731041264702
0.3  0.0060122243106761186
0.31  0.0035556858771734427
0.32  0.002037459599637884
0.33  0.0011311808205556103
0.34  0.0006084886302165983
0.35000000000000003  0.00031713948041600984
0.36  0.00016014949035521802
0.37  7.835707584887171e-05
0.38  3.714567837514815e-05
0.39  1.7061444961357583e-05
0.4  7.5927818353687006e-06
0.41000000000000003  3.273893174286163e-06
0.42  1.3677653078626424e-06
0.43  5.536961434519002e-07
0.44  2.1727923814390956e-07
0.45  8.285100783527136e-08
0.46  3.114679587788271e-08
0.47000000000000003  1.2530714753859763e-08
0.48  7.416762949440137e-09
0.49  9.086740154325557e-09
0.5  1.6861143899104656e-08
0.51  3.416679705253436e-08
0.52  6.938136884978373e-08
0.53  1.3911835821050184e-07
0.54  2.748079749155584e-07
0.55  5.345968700804236e-07
0.56  1.024125684048361e-06
0.5700000000000001  1.931997666300721e-06
0.58  3.589103319107009e-06
0.59  6.5658548950971535e-06
0.6  1.1828305928661462e-05
0.61  2.0983588615288132e-05
0.62  3.6657506850651834e-05
0.63  6.306262319065475e-05
0.64  0.00010683340880856881
0.65  0.0001782247796267377
0.66  0.0002927891866649777
0.67  0.0004736613261272654
0.68  0.0007545825648382141
0.6900000000000001  0.0011837815106209024
0.7000000000000001  0.0018287834595984325
0.71  0.0027821398963965693
0.72  0.004167941259537032
0.73  0.006148797089928475
0.74  0.008932739722920423
0.75  0.012779243480678677
0.76  0.018003276683794624
0.77  0.024976059122644535
0.78  0.0341210368060301
0.79  0.045903572566699365
0.8  0.0608130616334772
0.81  0.07933679666811314
0.8200000000000001  0.10192694508387919
0.8300000000000001  0.12897118667439755
0.84  0.16081766961160604
0.85  0.1980386231362793
0.86  0.24239750759571488
0.87  0.29912567033331
0.88  0.3799654262116215
0.89  0.5028552632881504
0.9  0.6811552847675496
0.91  0.902108579978384
0.92  1.1129099671852234
0.93  1.2403086874361857
0.9400000000000001  1.2401284806664374
0.9500000000000001  1.1318444049545195
0.96  0.981168290973581
0.97  0.849840779764739
0.98  0.7624865344336451
0.99  0.7109094906316867
