0.0  0.024198491970210335
0.01  0.03015182382942468
0.02  0.03697233033522461
0.03  0.04461470446428647
0.04  0.05298083603328796
0.05  0.06194068354155127
0.06  0.07224383792133877
0.07  0.09352558935407274
0.08  0.13979783889586977
0.09  0.15848792439934112
0.1  0.12853499366867077
0.11  0.11522879341944532
0.12  0.11774548371987716
0.13  0.12094465740241578
0.14  0.12235126845059671
0.15  0.12180948900821717
0.16  0.11934759691704452
0.17  0.11508964005724745
0.18  0.10924913048857092
0.19  0.10212059336810698
0.2  0.09407075382620426
0.21  0.08553203364559724
0.22  0.07699953796097224
0.23  0.06902951937939167
0.24  0.06223275073790398
0.25  0.05725180176144441
0.26  0.0547096384639906
0.27  0.05512147630352003
0.28  0.05877431144697392
0.29  0.06559728623487762
0.3  0.07506433959894614
0.31  0.08617824299732471
0.32  0.09757304998296852
0.33  0.10773843703433919
0.34  0.11532389012004467
0.35000000000000003  0.11944199636221217
0.36  0.11987790243219751
0.37  0.11713591903098904
0.38  0.1123070798810611
0.39  0.10680147707089475
0.4  0.10203090380468255
0.41000000000000003  0.09913451160662344
0.42  0.09881340699797747
0.43  0.10129477138652876
0.44  0.10640299125858482
0.45  0.11369004866102506
0.46  0.12257461464263276
0.47000000000000003  0.1324533290318309
0.48  0.1427683195218037
0.49  0.1530329299979081
0.5  0.1628281510694384
0.51  0.1717851603447189
0.52  0.1795671082548111
0.53  0.1858587414314397
0.54  0.1903677420658561
0.55  0.19283778360216525
0.56  0.1930705029860553
0.5700000000000001  0.19095180662264324
0.58  0.18647708736481058
0.59  0.17977001375074392
0.6  0.1710905262967053
0.61  0.16082939876182245
0.62  0.14948890867412268
0.63  0.13765141132583023
0.64  0.1259394984964762
0.65  0.11497259827379037
0.66  0.10532514795287633
0.67  0.09749086070143172
0.68  0.09185630593847592
0.6900000000000001  0.08868535505682164
0.7000000000000001  0.08811437064581758
0.71  0.09015666263158459
0.72  0.09471393863023171
0.73  0.10159240615449427
0.74  0.11052201071973083
0.75  0.12117926369709175
0.76  0.133217425431478
0.77  0.14631190815036396
0.78  0.1602308331225464
0.79  0.1749341954068616
0.8  0.19068145667069183
0.81  0.20808459594111164
0.8200000000000001  0.228001018532564
0.8300000000000001  0.251165979699611
0.84  0.2775698552786716
0.85  0.3057888300345264
0.86  0.33266709288521057
0.87  0.3537388601741548
0.88  0.36445987455145223
0.89  0.36181598385852165
0.9  0.34553349149791374
0.91  0.3182370631801149
0.92  0.2844633690016325
0.93  0.2490654149883063
0.9400000000000001  0.21580323488940487
0.9500000000000001  0.18667918442854456
0.96  0.16207867180530533
0.97  0.14138439294727062
0.98  0.12364129775833954
0.99  0.10800339357572945
