0.0  0.8235298860887306
0.01  0.9856718427989817
0.02  1.1398925342875537
0.03  1.2681267405586827
0.04  1.3556662529825076
0.05  1.3958861300825705
0.06  1.3922108131249336
0.07  1.3563588342518802
0.08  1.3038106545415833
0.09  1.2487364159938206
0.1  1.2005447808838183
0.11  1.1630110183640296
0.12  1.1355367138383572
0.13  1.1153200037943183
0.14  1.0992890520873921
0.15  1.0852239664715506
0.16  1.0720712074635177
0.17  1.0597565507936506
0.18  1.0488228896468408
0.19  1.0400972389682086
0.2  1.0344600119958192
0.21  1.0327096550405792
0.22  1.0354879085144204
0.23  1.0432333221452814
0.24  1.0561462039429463
0.25  1.0742042581534257
0.26  1.09764618505044
0.27  1.1300070300081861
0.28  1.187903997938351
0.29  1.3106110315850361
0.3  1.5276715340322204
0.31  1.7706393788556807
0.32  1.8734757379629392
0.33  1.7596257280705982
0.34  1.5467653293600425
0.35000000000000003  1.3840517158907784
0.36  1.3039429407397707
0.37  1.2662573259328882
0.38  1.238459965719159
0.39  1.2111341206987067
0.4  1.1847121207562956
0.41000000000000003  1.1600844055257247
0.42  1.1350566476199122
0.43  1.103686912342381
0.44  1.057820110639559
0.45  0.99032916527008
0.46  0.8986050008339125
0.47000000000000003  0.7864073859652535
0.48  0.6629778455710467
0.49  0.5398852683888796
0.5  0.42730871193934483
0.51  0.3315290574481175
0.52  0.25442020049221326
0.53  0.19454458004363187
0.54  0.14884638752134552
0.55  0.11406518266453555
0.56  0.08750242386695173
0.5700000000000001  0.06722083309892654
0.58  0.05193857244933654
0.59  0.04084520916452486
0.6  0.033453935517971545
0.61  0.02951338279969095
0.62  0.02895990438896541
0.63  0.031883530878407576
0.64  0.038487479657071604
0.65  0.04903016488765775
0.66  0.06374650823819346
0.67  0.08275216841627861
0.68  0.10594065513411363
0.6900000000000001  0.13288888519477574
0.7000000000000001  0.16279057489612284
0.71  0.19444226956159705
0.72  0.2264168930584374
0.73  0.25888722122365876
0.74  0.30510842943038113
0.75  0.42015409282520016
0.76  0.6742002969721554
0.77  0.962720678779044
0.78  0.9925658128332568
0.79  0.7282261049167673
0.8  0.45713657210298464
0.81  0.3308176223600756
0.8200000000000001  0.29365527579677103
0.8300000000000001  0.28343812329658985
0.84  0.28274856339364546
0.85  0.2904021109065056
0.86  0.3068084863548942
0.87  0.33130543360228554
0.88  0.3619248021769722
0.89  0.39555578416733134
0.9  0.42830902718186453
0.91  0.4560291544662594
0.92  0.4748777971902834
0.93  0.481887710223445
0.9400000000000001  0.4753871922087202
0.9500000000000001  0.4552161083991776
0.96  0.42269649795169983
0.97  0.3803718923875325
0.98  0.33157661546934436
0.99  0.2799270955434009
