0.0  0.16204543921451225
0.01  0.18900131011209376
0.02  0.20589783528373423
0.03  0.2106107054603766
0.04  0.20403478923757115
0.05  0.18976564753803166
0.06  0.17282400041799176
0.07  0.15806376709888545
0.08  0.14901077553763808
0.09  0.14757977304189424
0.1  0.15458669824561627
0.11  0.17045003392656236
0.12  0.1952329787136862
0.13  0.2275586954750575
0.14  0.2630432584997915
0.15  0.29399657006837243
0.16  0.31180189435393363
0.17  0.31114159505937217
0.18  0.29302412003809464
0.19  0.26405859665032144
0.2  0.23253975981159677
0.21  0.20443922807512205
0.22  0.18186897515390602
0.23  0.16407234203829416
0.24  0.14928944610337666
0.25  0.13605368834166276
0.26  0.12357654059349595
0.27  0.11159502876220723
0.28  0.10010834705272025
0.29  0.08919848748088365
0.3  0.07895060684625814
0.31  0.06943243224373845
0.32  0.060700428873834214
0.33  0.05282218597071356
0.34  0.045923014811084434
0.35000000000000003  0.04027815471755796
0.36  0.03647210407340465
0.37  0.03561153539168685
0.38  0.03948653389739386
0.39  0.050448999201208856
0.4  0.0707301655192153
0.41000000000000003  0.10112360953781473
0.42  0.13947086509654455
0.43  0.17992584590982819
0.44  0.21397951192856604
0.45  0.2333429354074903
0.46  0.23343204927235564
0.47000000000000003  0.21545842949403296
0.48  0.18581122841017023
0.49  0.1531266127571499
0.5  0.12483657513457279
0.51  0.10502433957343224
0.52  0.09439614051674697
0.53  0.09376087222003027
0.54  0.11825751017845096
0.55  0.2019139960163287
0.56  0.30065475075106585
0.5700000000000001  0.2814285886119661
0.58  0.18199470948609492
0.59  0.12732907863079676
0.6  0.11797190869383485
0.61  0.11949265672049082
0.62  0.12158799629866915
0.63  0.123181690120711
0.64  0.12423379155388252
0.65  0.12474473012999338
0.66  0.12471094287116145
0.67  0.12413086997237528
0.68  0.123018385020721
0.6900000000000001  0.12142779776751257
0.7000000000000001  0.11949611122368754
0.71  0.11749747012987731
0.72  0.11587636763265256
0.73  0.11520203268502792
0.74  0.11602338503738753
0.75  0.11872033244718144
0.76  0.12352094048817931
0.77  0.13071082115946558
0.78  0.1407741763497222
0.79  0.1541467711439691
0.8  0.1706211018973256
0.81  0.18886659595957195
0.8200000000000001  0.2065218823878831
0.8300000000000001  0.22089301138462714
0.84  0.22988759453858418
0.85  0.2327278989942988
0.86  0.2301603137264754
0.87  0.22413210136551062
0.88  0.21712934888938695
0.89  0.21155220727475318
0.9  0.20972781795960665
0.91  0.21531345028339519
0.92  0.23560294512002822
0.93  0.2799531260535886
0.9400000000000001  0.34789597516191456
0.9500000000000001  0.4149037487259485
0.96  0.4418470908277655
0.97  0.41114201038645154
0.98  0.3456256608669276
0.99  0.282999555032455
