0.0  0.4331864564391627
0.01  0.49289429059613754
0.02  0.5428115295578069
0.03  0.5797886288461285
0.04  0.602359024213801
0.05  0.6110151347305798
0.06  0.6081140226799007
0.07  0.5974624052536217
0.08  0.5837170976112125
0.09  0.5717642149807722
0.1  0.5661947427827332
0.11  0.5708957526979579
0.12  0.5886778942051883
0.13  0.620825891416422
0.14  0.6665332809413366
0.15  0.7223512846928946
0.16  0.7819576113883958
0.17  0.8366051435121592
0.18  0.8764478514594092
0.19  0.8925828454273164
0.2  0.8792545346821157
0.21  0.835467542650285
0.22  0.7654023857947589
0.23  0.6774840063648941
0.24  0.5824912361022082
0.25  0.4914311779858468
0.26  0.4138694627484928
0.27  0.35705264463634284
0.28  0.3257037853985558
0.29  0.3220725876296108
0.3  0.34582612833248766
0.31  0.393649397600236
0.32  0.45881178105256504
0.33  0.5312147307704063
0.34  0.5983932773462975
0.35000000000000003  0.6475774627208505
0.36  0.6683881417814496
0.37  0.6553205506538191
0.38  0.6091068837848881
0.39  0.5364172054765337
0.4  0.4479935260982686
0.41000000000000003  0.355902731470694
0.42  0.27085877821486143
0.43  0.2004095194502872
0.44  0.14833661515688884
0.45  0.11512764428145797
0.46  0.0990655729378141
0.47000000000000003  0.09742455324990383
0.48  0.1074053387713811
0.49  0.12666234529965753
0.5  0.15345593954939565
0.51  0.18655640618539918
0.52  0.2250368493037745
0.53  0.268056794435265
0.54  0.31469214711815
0.55  0.3638311692277069
0.56  0.41413558212601104
0.5700000000000001  0.46405727173932
0.58  0.5118986455663782
0.59  0.5559042706804652
0.6  0.5943711380057041
0.61  0.6257645634841937
0.62  0.648826876940268
0.63  0.6626672010696759
0.64  0.6668229960362784
0.65  0.6612874600943499
0.66  0.646500859729203
0.67  0.623307812216196
0.68  0.5928859042679371
0.6900000000000001  0.5566534307169599
0.7000000000000001  0.516165351971804
0.71  0.4730068980027846
0.72  0.4286938202600649
0.73  0.38458734682498497
0.74  0.3418305687321829
0.75  0.30131128597110307
0.76  0.2636542049002128
0.77  0.22924278017123875
0.78  0.19826806263879654
0.79  0.17079897102068922
0.8  0.14686588651846874
0.81  0.12654776112849364
0.8200000000000001  0.11005218739495334
0.8300000000000001  0.09777795184392257
0.84  0.09035014166027854
0.85  0.08861862731582645
0.86  0.09361183209476073
0.87  0.10643981898148648
0.88  0.1281449896577235
0.89  0.1595061109846979
0.9  0.20081212088920442
0.91  0.2516348562624816
0.92  0.31064139745021235
0.93  0.3754928410808889
0.9400000000000001  0.4428727753131824
0.9500000000000001  0.5086730943732611
0.96  0.5683378878294121
0.97  0.6173327122221989
0.98  0.6516745118604538
0.99  0.6684358239101527
