0.0  0.8001622596201389
0.01  0.8399456759810112
0.02  0.8665794892497992
0.03  0.8880905348771508
0.04  0.914178465435623
0.05  0.943640979753076
0.06  0.9548427109048123
0.07  0.9191838560918786
0.08  0.8313734194158854
0.09  0.7194000922518717
0.1  0.6199935873505494
0.11  0.55155451048864
0.12  0.5120596118630525
0.13  0.49228945112321265
0.14  0.485024451257443
0.15  0.48625507361981335
0.16  0.4935688824779157
0.17  0.5050426820258763
0.18  0.5189225181349154
0.19  0.5336117405936524
0.2  0.5477048583508728
0.21  0.560003392369342
0.22  0.569513915749213
0.23  0.5754386657814197
0.24  0.5771667766875733
0.25  0.5742699839782907
0.26  0.5665029674281257
0.27  0.5538060082447125
0.28  0.5363064779795144
0.29  0.5143156947463712
0.3  0.48831855755087045
0.31  0.45895472847427743
0.32  0.42699162192255224
0.33  0.39329079269372047
0.34  0.3587702906482238
0.35000000000000003  0.3243660629635105
0.36  0.29099551589798933
0.37  0.25952594957672276
0.38  0.2307498567558513
0.39  0.20536816468574318
0.4  0.18398154002457154
0.41000000000000003  0.16708899946683375
0.42  0.15509237478821292
0.43  0.14830473500477329
0.44  0.14696069529396635
0.45  0.1512266302631311
0.46  0.16120911604469262
0.47000000000000003  0.17696038891294183
0.48  0.1984801548574946
0.49  0.22571364187228177
0.5  0.25854629012441516
0.51  0.2967958750836639
0.52  0.3402031245466037
0.53  0.388422012241885
0.54  0.4410108979264902
0.55  0.4974255625596942
0.56  0.5570149945262669
0.5700000000000001  0.6190205609416868
0.58  0.6825789862544264
0.59  0.7467293886277242
0.6  0.8104245078484045
0.61  0.8725461935457267
0.62  0.9319251881968886
0.63  0.9873652007426218
0.64  1.037671182182087
0.65  1.0816815462128206
0.66  1.1183038017265776
0.67  1.1465526786814617
0.68  1.16558936191277
0.6900000000000001  1.1747599547333123
0.7000000000000001  1.1736308541399618
0.71  1.1620184213270335
0.72  1.1400102593873833
0.73  1.107975627205204
0.74  1.0665630507534156
0.75  1.0166840204386653
0.76  0.9594827180109795
0.77  0.8962928898191872
0.78  0.8285841389631545
0.79  0.7579009043884397
0.8  0.6857981024508115
0.81  0.6137777334329897
0.8200000000000001  0.543230667485693
0.8300000000000001  0.4753875818773864
0.84  0.41128673506092067
0.85  0.3518087921869949
0.86  0.29802224144230605
0.87  0.25216504313073157
0.88  0.2177322135795484
0.89  0.19590261242672602
0.9  0.1927723711542597
0.91  0.2633008848081658
0.92  0.4957603108270273
0.93  0.7800944093610974
0.9400000000000001  0.7818552501644448
0.9500000000000001  0.47066825851757216
0.96  0.17566416349662467
0.97  0.04982029823613607
0.98  0.018570346367851022
0.99  0.011253042483043322
