0.0  0.1253813888847164
0.01  0.17324104426599024
0.02  0.2291869863342134
0.03  0.2837028251418963
0.04  0.32516931665175564
0.05  0.3462839170257771
0.06  0.3485310547807868
0.07  0.34080359464182686
0.08  0.33343170984261283
0.09  0.33264850499434934
0.1  0.3391152462554587
0.11  0.3500299917372819
0.12  0.36737609186578946
0.13  0.4634514393673471
0.14  0.5420726455487277
0.15  0.4171400242912701
0.16  0.39173233926866635
0.17  0.39689368045837153
0.18  0.40518676078923993
0.19  0.41718130712244905
0.2  0.4329863990198026
0.21  0.451188408061013
0.22  0.46891315961012786
0.23  0.4827250206586163
0.24  0.49067781632423435
0.25  0.4955670069180254
0.26  0.5081913352223993
0.27  0.5463372781702243
0.28  0.6230601874884952
0.29  0.7260629777379599
0.3  0.8092154883221825
0.31  0.8182322893247278
0.32  0.73392042021015
0.33  0.5868738578627429
0.34  0.4301795850361585
0.35000000000000003  0.3044873915602701
0.36  0.22544004821626265
0.37  0.19060131333558672
0.38  0.19066632709593073
0.39  0.2166383924078208
0.4  0.2617682728281255
0.41000000000000003  0.3200499153648669
0.42  0.38392356206423595
0.43  0.44331947322668985
0.44  0.48689501794017437
0.45  0.5049760873332084
0.46  0.49275529235500604
0.47000000000000003  0.4520814924154072
0.48  0.3908622117743213
0.49  0.32034722995935117
0.5  0.2516085282338484
0.51  0.19275271729855975
0.52  0.14777261842008413
0.53  0.1169936244947123
0.54  0.09841083015689439
0.55  0.08911006824740447
0.56  0.08627162858643675
0.5700000000000001  0.08764783193230102
0.58  0.091654368068408
0.59  0.09727517636611645
0.6  0.10392828574385198
0.61  0.11138351293077955
0.62  0.11990337037714845
0.63  0.13119704094984125
0.64  0.1510657351693373
0.65  0.1917577841684775
0.66  0.26465586829605736
0.67  0.35826392675916385
0.68  0.4286680291953784
0.6900000000000001  0.4364611423767413
0.7000000000000001  0.3929978567776019
0.71  0.34631637632374856
0.72  0.3288901231011149
0.73  0.3398367033456774
0.74  0.36479850958299687
0.75  0.39313326189297404
0.76  0.4199594380655182
0.77  0.4430599146650883
0.78  0.46101560670805597
0.79  0.47272852633571455
0.8  0.4774076539931199
0.81  0.4746241620598501
0.8200000000000001  0.4643472495099636
0.8300000000000001  0.4469459788217558
0.84  0.42315641723238134
0.85  0.3940183238393
0.86  0.3607890526045149
0.87  0.3248445699184764
0.88  0.28757829957749625
0.89  0.25030788504714013
0.9  0.21419810300222714
0.91  0.1802054538712747
0.92  0.14904686972094378
0.93  0.12119199605706314
0.9400000000000001  0.09687602271236014
0.9500000000000001  0.07612832582296462
0.96  0.058811344908077455
0.97  0.044664112704575605
0.98  0.03334552067158828
0.99  0.024473512067306875
