0.0  0.0047122900674284925
0.01  0.006338740153816834
0.02  0.008434252704996046
0.03  0.011101022841468506
0.04  0.014452803911806712
0.05  0.01861289603875145
0.06  0.023710926256896005
0.07  0.029878295285274643
0.08  0.037242243669405733
0.09  0.045918594506107205
0.1  0.05600335728105553
0.11  0.06756351972639008
0.12  0.08062750045618523
0.13  0.09517586963203252
0.14  0.11113305114769888
0.15  0.12836078055969133
0.16  0.14665409280553754
0.17  0.16574054137836375
0.18  0.18528320116696204
0.19  0.2048877838131719
0.2  0.22411390934494146
0.21  0.2424902519412513
0.22  0.25953293923294163
0.23  0.2747662665176486
0.24  0.28774452380578946
0.25  0.29807355593460666
0.26  0.3054306083118145
0.27  0.3095810669354363
0.28  0.31039088213880944
0.29  0.30783375840116106
0.3  0.3019925722836718
0.31  0.2930549118330757
0.32  0.28130307235503954
0.33  0.26709925280707525
0.34  0.25086703547817696
0.35000000000000003  0.23307046862476793
0.36  0.21419218840126125
0.37  0.19471200718712908
0.38  0.17508726808635255
0.39  0.15573603953306359
0.4  0.13702392792391194
0.41000000000000003  0.11925495327164316
0.42  0.10266659705728198
0.43  0.08742882366535076
0.44  0.07364662171914789
0.45  0.061365425761005975
0.46  0.05057866949672682
0.47000000000000003  0.04123668841517919
0.48  0.03325624532291685
0.49  0.026530864316584298
0.5  0.02095983947462485
0.51  0.01671902657832842
0.52  0.016135599786607124
0.53  0.0297970587012412
0.54  0.07840607871478984
0.55  0.15994151813264387
0.56  0.21066262155272855
0.5700000000000001  0.17311079787739306
0.58  0.08841149319740668
0.59  0.028460121256649824
0.6  0.006256220431442763
0.61  0.0013688594842969095
0.62  0.0005705010704314565
0.63  0.0003664027343170104
0.64  0.0002544391199132404
0.65  0.00018357786282679044
0.66  0.00014422129196391896
0.67  0.00013271417878194238
0.68  0.000149654457873722
0.6900000000000001  0.0002002921567221364
0.7000000000000001  0.00029543180420221537
0.71  0.0004528364525752262
0.72  0.0006991645328601579
0.73  0.0010724396868282023
0.74  0.0016249992671918622
0.75  0.0024267862314094756
0.76  0.0035687409683791164
0.77  0.005165918629363988
0.78  0.00735981513369507
0.79  0.01031925056773607
0.8  0.014239059477546442
0.81  0.01933580678634631
0.8200000000000001  0.02583982067816206
0.8300000000000001  0.033983039986647
0.84  0.04398253083081504
0.85  0.05602003164919972
0.86  0.07021850546170359
0.87  0.08661734980116911
0.88  0.1051485460047082
0.89  0.12561650853038928
0.9  0.14768460636466257
0.91  0.17087117499310267
0.92  0.1945572621469665
0.93  0.21800735736277427
0.9400000000000001  0.24040301992421761
0.9500000000000001  0.2608877885172724
0.96  0.278620230913187
0.97  0.2928307017630726
0.98  0.30287653816711535
0.99  0.30829020120322026
