0.0  0.006345555349634563
0.01  0.009076067502416312
0.02  0.012624178292255
0.03  0.017076712391063835
0.04  0.022466099108942338
0.05  0.02874827585631454
0.06  0.03578597544756823
0.07  0.04334245533599333
0.08  0.051090029436234405
0.09  0.05863582042964508
0.1  0.06556418832027004
0.11  0.07149514909917892
0.12  0.07631980057907832
0.13  0.08389222807275193
0.14  0.12866888234619647
0.15  0.2994570109645168
0.16  0.5200775276619012
0.17  0.4699224697806081
0.18  0.23380796206483098
0.19  0.1110114271171016
0.2  0.09190240694935117
0.21  0.09793672389389632
0.22  0.10944115513848801
0.23  0.12498149342185902
0.24  0.1445596455742458
0.25  0.16795744627034087
0.26  0.19467306503526816
0.27  0.22393514601838305
0.28  0.2547372182631749
0.29  0.28589151161209486
0.3  0.3161009600225157
0.31  0.34404631967200405
0.32  0.3684846298842867
0.33  0.3883738992038787
0.34  0.40322730427149045
0.35000000000000003  0.4149508013912082
0.36  0.43500498842612734
0.37  0.49781374652658245
0.38  0.6538620474771382
0.39  0.8975267267282194
0.4  1.096424693375683
0.41000000000000003  1.1001196683467378
0.42  0.9389139317651656
0.43  0.7839799283871989
0.44  0.7324438025382924
0.45  0.7482902006198979
0.46  0.7581904915066582
0.47000000000000003  0.7205437768831554
0.48  0.6312970995053695
0.49  0.5094043052907336
0.5  0.3814534563101918
0.51  0.269212242968582
0.52  0.18331561831618204
0.53  0.12389490757073528
0.54  0.08520351680179043
0.55  0.06033745393164207
0.56  0.04389912549642237
0.5700000000000001  0.032592883577246906
0.58  0.024739231904799094
0.59  0.01958965961529641
0.6  0.016837773491254936
0.61  0.01636487729946318
0.62  0.01813069268764876
0.63  0.022125921701944645
0.64  0.02834481563493144
0.65  0.03676991716836321
0.66  0.04738038272808621
0.67  0.06020226885601978
0.68  0.0754151472687898
0.6900000000000001  0.09351380209236951
0.7000000000000001  0.11549710900395721
0.71  0.14302354819319976
0.72  0.1784457418993937
0.73  0.22463201612995126
0.74  0.28451819644104104
0.75  0.3604143892772268
0.76  0.45320510770800415
0.77  0.5616869522639834
0.78  0.682329651247822
0.79  0.8096746587279028
0.8  0.937390998609
0.81  1.059742166486452
0.8200000000000001  1.1729875793019413
0.8300000000000001  1.276168987763543
0.84  1.370890742614634
0.85  1.4600670756879155
0.86  1.546044404323398
0.87  1.6288171083966143
0.88  1.7050789670752804
0.89  1.7685497476131515
0.9  1.811505234375102
0.91  1.8269472839216496
0.92  1.8106043218159722
0.93  1.7620590074312068
0.9400000000000001  1.6846919502543778
0.9500000000000001  1.584609044882182
0.96  1.469064319501089
0.97  1.3449714448344054
0.98  1.2179297829855718
0.99  1.0919003695685727
