0.0  0.11907086107583117
0.01  0.13037559121296718
0.02  0.14030781893268038
0.03  0.1484791880994269
0.04  0.15467041965617245
0.05  0.1589530023552813
0.06  0.16184137390954578
0.07  0.16444423733389144
0.08  0.16853586332319112
0.09  0.17642044312522692
0.1  0.1904600637072292
0.11  0.21223328457235516
0.12  0.24150048189062281
0.13  0.2753961234448997
0.14  0.3083783957372469
0.15  0.33328020767833594
0.16  0.34331676144505985
0.17  0.3343445705707533
0.18  0.30639645047636355
0.19  0.2637711735432893
0.2  0.21363409217743298
0.21  0.16378762577068026
0.22  0.120581985396262
0.23  0.08771752603156419
0.24  0.0661464627022813
0.25  0.05477424664377793
0.26  0.0514421921856443
0.27  0.05376011217309677
0.28  0.05959655332599325
0.29  0.067250254776121
0.3  0.0754308315537591
0.31  0.08317644491879901
0.32  0.0897847093327431
0.33  0.09477929085348197
0.34  0.09790177003988294
0.35000000000000003  0.09910772764386194
0.36  0.09854959095720785
0.37  0.09653815949731116
0.38  0.09348455970364336
0.39  0.08983277933311502
0.4  0.0860030118205915
0.41000000000000003  0.08239161012442174
0.42  0.0795424161454272
0.43  0.07871843837652981
0.44  0.08308799648759159
0.45  0.09910872806061648
0.46  0.13615761733901335
0.47000000000000003  0.20146267260329082
0.48  0.2903834230595557
0.49  0.37954676840944385
0.5  0.43383368565617403
0.51  0.42772334952841656
0.52  0.3641945881270911
0.53  0.27280281775826404
0.54  0.1887336866447809
0.55  0.13262660277786767
0.56  0.10595602411367681
0.5700000000000001  0.09913974515910873
0.58  0.10117900839334809
0.59  0.10441061733195234
0.6  0.10496812589103872
0.61  0.10172767070847888
0.62  0.09529295208296788
0.63  0.08725422937958438
0.64  0.07957917640079734
0.65  0.0740982172890519
0.66  0.07215233201017258
0.67  0.07445692683441774
0.68  0.08116122717201131
0.6900000000000001  0.09202274710055966
0.7000000000000001  0.10660335269936956
0.71  0.12442045126958588
0.72  0.1450285811356198
0.73  0.16804022827527346
0.74  0.19311018445273204
0.75  0.21990752645836179
0.76  0.2480911496310761
0.77  0.27729577292353896
0.78  0.30712902433272
0.79  0.3371771160566676
0.8  0.36701574071396476
0.81  0.3962230082932102
0.8200000000000001  0.42439176187550437
0.8300000000000001  0.4511391757038295
0.84  0.4761121400078255
0.85  0.49898764930745726
0.86  0.5194682844926641
0.87  0.5372738834917032
0.88  0.5521315057277122
0.89  0.5637666061625103
0.9  0.5718987016569701
0.91  0.576244521812038
0.92  0.5765305859352736
0.93  0.5725154156017994
0.9400000000000001  0.5640194647757917
0.9500000000000001  0.550958783405485
0.96  0.5333769482079805
0.97  0.5114693365500154
0.98  0.4855946009992639
0.99  0.45627012595869765
