0.0  0.04831608773415227
0.01  0.06933881976662937
0.02  0.09467296932025257
0.03  0.12301591338958504
0.04  0.15218328617889393
0.05  0.1793590410937675
0.06  0.2015843104133196
0.07  0.21638107427232794
0.08  0.2223364189361428
0.09  0.2194625216203125
0.1  0.2092094920698812
0.11  0.19412186465536918
0.12  0.17724832175393224
0.13  0.16148951886324542
0.14  0.14907536013477646
0.15  0.14131175508617727
0.16  0.13866771089755228
0.17  0.14122324446945775
0.18  0.1494416759487446
0.19  0.1650345202176769
0.2  0.19123447209486732
0.21  0.2313782285305473
0.22  0.2852845969054556
0.23  0.34516171142657576
0.24  0.39511915745147697
0.25  0.41721895131480535
0.26  0.4013867551405155
0.27  0.351639198628822
0.28  0.2833369018851764
0.29  0.21403821613661472
0.3  0.15544943754650925
0.31  0.11127635488287693
0.32  0.07987156932103227
0.33  0.05784350452251183
0.34  0.04219034906598912
0.35000000000000003  0.03084692274746969
0.36  0.022499688348061476
0.37  0.01630332012188828
0.38  0.011692472064708036
0.39  0.008275197208340152
0.4  0.005769267916794174
0.41000000000000003  0.003962752829464045
0.42  0.002691276593445443
0.43  0.001826364645211095
0.44  0.0012699425644687298
0.45  0.0009516585614360782
0.46  0.0008274727852646488
0.47000000000000003  0.0008791616007141204
0.48  0.0011149103504796034
0.49  0.0015712094297607921
0.5  0.0023160254016472382
0.51  0.0034528106665328287
0.52  0.005124408603251018
0.53  0.007515370706327625
0.54  0.01085072701528225
0.55  0.015388987297790141
0.56  0.02140727760667977
0.5700000000000001  0.029177206762871354
0.58  0.03893141104377922
0.59  0.050822703496988995
0.6  0.06488012488171602
0.61  0.08096852407097571
0.62  0.09876001012962796
0.63  0.11772611233612061
0.64  0.13715827720638804
0.65  0.15622119917949928
0.66  0.17403852913380638
0.67  0.18980416496279817
0.68  0.202905328616766
0.6900000000000001  0.21303700969827608
0.7000000000000001  0.22028254899129573
0.71  0.22513409101739065
0.72  0.22843163785844456
0.73  0.23121238031752767
0.74  0.2344829820049809
0.75  0.23895329711517332
0.76  0.24479326482932035
0.77  0.251485317362563
0.78  0.2578334920464972
0.79  0.2621547376130098
0.8  0.2626249935190194
0.81  0.257699605577662
0.8200000000000001  0.24649549343434407
0.8300000000000001  0.22902661482365672
0.84  0.20622627194766777
0.85  0.17975525994276148
0.86  0.15165910425776463
0.87  0.12397686271286079
0.88  0.09840582687060719
0.89  0.0760946375248108
0.9  0.05758818872386118
0.91  0.04290146776198917
0.92  0.03167118059757182
0.93  0.02332848454317341
0.9400000000000001  0.01724869315477197
0.9500000000000001  0.012854729429688048
0.96  0.00967096172032586
0.97  0.007337165718522741
0.98  0.005597464796985146
0.99  0.004278095123012866
