0.0  2.4886600289309452e-18
0.01  7.286911961428901e-18
0.02  2.315977255417864e-17
0.03  1.8614656442712522e-16
0.04  5.757290071294116e-15
0.05  1.9868008982201924e-13
0.06  5.665093442584989e-12
0.07  1.3046572735507838e-10
0.08  2.4226177787569354e-09
0.09  3.6266614905622507e-08
0.1  4.37679118594467e-07
0.11  4.258242967741908e-06
0.12  3.339879231303695e-05
0.13  0.00021118203838259064
0.14  0.0010764897342297318
0.15  0.004423771680099717
0.16  0.014656063068970002
0.17  0.03914948293286462
0.18  0.08434542919008972
0.19  0.14671743613360153
0.2  0.20671685414314056
0.21  0.23805910907609737
0.22  0.22936019709094646
0.23  0.1942926614104655
0.24  0.1556583599433985
0.25  0.12317507087208276
0.26  0.09252499181780649
0.27  0.06069664250129199
0.28  0.03259813589646993
0.29  0.013853334380940082
0.3  0.004587813867601698
0.31  0.0011766320678789832
0.32  0.00023387532553701253
0.33  3.7609327983853827e-05
0.34  7.933292638801392e-06
0.35000000000000003  6.9927612976796955e-06
0.36  1.1493577845694945e-05
0.37  1.9587889791133553e-05
0.38  3.296238660434085e-05
0.39  5.465968407678079e-05
0.4  8.932562148770254e-05
0.41000000000000003  0.0001439256972487251
0.42  0.00022888809982620875
0.43  0.0003601205309025567
0.44  0.0005630580164985357
0.45  0.000881248817264689
0.46  0.0013938351977941252
0.47000000000000003  0.0022471177567577006
0.48  0.0037013562906108434
0.49  0.006179921533525755
0.5  0.010283236779777384
0.51  0.016708047124890015
0.52  0.026023938311213614
0.53  0.03833218631753601
0.54  0.05295229353372822
0.55  0.06836538008031978
0.56  0.0825816111557896
0.5700000000000001  0.09386579328273488
0.58  0.10148565281181758
0.59  0.10606123710238019
0.6  0.10929997753388757
0.61  0.11326926414118192
0.62  0.11961376554215895
0.63  0.1290943400003198
0.64  0.14157492814089653
0.65  0.1563279734629638
0.66  0.17242975444569994
0.67  0.18907728543865152
0.68  0.20577485598127196
0.6900000000000001  0.22241570347006437
0.7000000000000001  0.23929615795955053
0.71  0.25707270006368926
0.72  0.2766448140251368
0.73  0.2989416900997295
0.74  0.32461398845653977
0.75  0.3536754020530028
0.76  0.38518632748257037
0.77  0.4171018929850327
0.78  0.44639804463880567
0.79  0.4695315881494907
0.8  0.48319040799734136
0.81  0.4851755856838614
0.8200000000000001  0.4751675875416051
0.8300000000000001  0.4551040999005892
0.84  0.4289642056597665
0.85  0.40191352456258295
0.86  0.3789827182437052
0.87  0.36365400597981656
0.88  0.3568235896806709
0.89  0.35652334243332456
0.9  0.3585299502590755
0.91  0.35766357890880085
0.92  0.34932807428841395
0.93  0.3307812974934439
0.9400000000000001  0.30176047240128556
0.9500000000000001  0.26434375071460586
0.96  0.2221902678174944
0.97  0.1794744916070246
0.98  0.13987412162836527
0.99  0.10589063434209564
