0.0  0.08397034026166343
0.01  0.10117108140849726
0.02  0.11628123291696481
0.03  0.1272492475573901
0.04  0.13276492228542844
0.05  0.13268476334342283
0.06  0.12803739463790287
0.07  0.12061117522338849
0.08  0.11233244097830833
0.09  0.10472091958643749
0.1  0.09862569115956973
0.11  0.09427469009762446
0.12  0.09152586816515079
0.13  0.09015721100350325
0.14  0.09006959601045873
0.15  0.09134994053281595
0.16  0.09420490590778605
0.17  0.09880991947196303
0.18  0.10513086133572798
0.19  0.11277771022013656
0.2  0.12094399691100237
0.21  0.12846869299661648
0.22  0.13402475165538014
0.23  0.13639627546581778
0.24  0.13476918981784697
0.25  0.12894607110371434
0.26  0.11941453880100336
0.27  0.10724567054252947
0.28  0.09385558435989816
0.29  0.08070602904458443
0.3  0.0690318833337615
0.31  0.059663061901498234
0.32  0.05296793044830082
0.33  0.04890389944639683
0.34  0.047134009033067296
0.35000000000000003  0.04716205147346461
0.36  0.048449328001904955
0.37  0.05049437959866059
0.38  0.05287402835925276
0.39  0.055254653101415474
0.4  0.057386025924119885
0.41000000000000003  0.05908836577729319
0.42  0.060239442333612024
0.43  0.0607648541026549
0.44  0.060632113601412595
0.45  0.059848043082675814
0.46  0.05845885254670665
0.47000000000000003  0.056552643372919764
0.48  0.05426451848676974
0.49  0.0517846368645075
0.5  0.049369149242235295
0.51  0.047352796111751555
0.52  0.046160008129539264
0.53  0.04630890914344389
0.54  0.048400423583134504
0.55  0.053083926941665624
0.56  0.06099292939551408
0.5700000000000001  0.072650129725082
0.58  0.08835063999791701
0.59  0.10804331902158276
0.6  0.13123927648996841
0.61  0.15697924527905946
0.62  0.18388421493055818
0.63  0.2102960581412718
0.64  0.23449066353765402
0.65  0.2549227698625203
0.66  0.2704479083347348
0.67  0.28046883468799494
0.68  0.2849723795540533
0.6900000000000001  0.28445225962892995
0.7000000000000001  0.279744155454295
0.71  0.2718208997059721
0.72  0.26160127495191376
0.73  0.24981519988218145
0.74  0.23694634608366172
0.75  0.2232489720251854
0.76  0.2088169926970295
0.77  0.19367468522078624
0.78  0.17786028573007207
0.79  0.16148293037156863
0.8  0.1447453138412818
0.81  0.1279349484709403
0.8200000000000001  0.11139356682815621
0.8300000000000001  0.09547650123818338
0.84  0.0805126832152991
0.85  0.06677274166255102
0.86  0.054448987094250216
0.87  0.04364785674501133
0.88  0.03439314846266536
0.89  0.026637162362150524
0.9  0.020276527884994275
0.91  0.015169756646930386
0.92  0.01115416838789299
0.93  0.008060604611653291
0.9400000000000001  0.005727290575470045
0.9500000000000001  0.004562469517074321
0.96  0.04276106559008342
0.97  0.18656614501641397
0.98  0.11040297862815346
0.99  0.1653614372127513
