0.0  0.006449020218472402
0.01  0.022052672870496122
0.02  0.05613235607094003
0.03  0.10573360684795957
0.04  0.1471673620776041
0.05  0.1513390678386027
0.06  0.11509710645950544
0.07  0.064998121845935
0.08  0.027710035114544163
0.09  0.009612937320706253
0.1  0.003651715479070691
0.11  0.0024469133395793965
0.12  0.002551381851067364
0.13  0.0030266196679367818
0.14  0.003821329381980289
0.15  0.005161042430109716
0.16  0.007429193602139809
0.17  0.011151236643056964
0.18  0.016952831019828002
0.19  0.025452743971496546
0.2  0.03708326058721267
0.21  0.051864241348488875
0.22  0.06919513766862698
0.23  0.08775517135122708
0.24  0.10559425910695693
0.25  0.12044544386485753
0.26  0.1302055213644848
0.27  0.13344925993219386
0.28  0.12980673466471607
0.29  0.12006837085247705
0.3  0.10597855987729025
0.31  0.08979320829058797
0.32  0.07375614731399835
0.33  0.05966025090292523
0.34  0.04860418778093461
0.35000000000000003  0.04096880786919173
0.36  0.036560893143582046
0.37  0.03483474386486228
0.38  0.03510749923195715
0.39  0.036716392728227853
0.4  0.039103560109500425
0.41000000000000003  0.04184080470936007
0.42  0.04461776799459613
0.43  0.047215519601157246
0.44  0.04948017585090072
0.45  0.051303296099683426
0.46  0.05261027827157424
0.47000000000000003  0.05335513381883614
0.48  0.053518959788454445
0.49  0.05310912049865031
0.5  0.052156230065687176
0.51  0.05070693980734894
0.52  0.048812932002434424
0.53  0.04652000214230211
0.54  0.04386344451314988
0.55  0.04087425417244543
0.56  0.037594406359640925
0.5700000000000001  0.034176921924725934
0.58  0.044899511840727116
0.59  0.15231056501049467
0.6  0.07900234218959305
0.61  0.021296146664649084
0.62  0.01701991814799497
0.63  0.014309549056683048
0.64  0.011913447982395808
0.65  0.00981984604738223
0.66  0.008011023766734017
0.67  0.006465966058755865
0.68  0.0051619732134154835
0.6900000000000001  0.0040752229732917535
0.7000000000000001  0.0031812098884124195
0.71  0.0024553558256345553
0.72  0.001873729631746126
0.73  0.0014137267211596213
0.74  0.0010546018053372757
0.75  0.00077781363370532
0.76  0.0005671872254740574
0.77  0.00040892262450005793
0.78  0.000291487300065302
0.79  0.00020542908555908678
0.8  0.00014314231124214988
0.81  9.861384997414338e-05
0.8200000000000001  6.716942032279264e-05
0.8300000000000001  4.5234425930876765e-05
0.84  3.011829360276951e-05
0.85  1.9826928433401936e-05
0.86  1.2904593009874918e-05
0.87  8.304184356173797e-06
0.88  5.2833994774486655e-06
0.89  3.323484919597823e-06
0.9  2.0669871317475734e-06
0.91  1.2710002327754722e-06
0.92  7.727113369414888e-07
0.93  4.644647239103242e-07
0.9400000000000001  2.760272651818852e-07
0.9500000000000001  1.6218662144227772e-07
0.96  9.421973278777889e-08
0.97  5.411684959521281e-08
0.98  3.073172520060931e-08
0.99  1.7254611003457638e-08
