0.0  0.16132264181445008
0.01  0.17220086985350339
0.02  0.1814876734406001
0.03  0.18886581956007514
0.04  0.19408299628095466
0.05  0.19696944360535984
0.06  0.19745144806499082
0.07  0.19555967433194363
0.08  0.19143174700965618
0.09  0.18530898895864234
0.1  0.17752770909600696
0.11  0.16850586000459797
0.12  0.15872637695001307
0.13  0.14872170489422284
0.14  0.13909225732985347
0.15  0.1307189273193981
0.16  0.12541767061660794
0.17  0.12610719070443355
0.18  0.13344415828237102
0.19  0.14121734167226757
0.2  0.14197073879557578
0.21  0.13831875233897417
0.22  0.13928100877153085
0.23  0.14872372269214612
0.24  0.16486923323361158
0.25  0.18550406608634026
0.26  0.209613844979002
0.27  0.23672721592020013
0.28  0.26643152783252305
0.29  0.2982600187968301
0.3  0.33168388708960206
0.31  0.36611474386591214
0.32  0.4009018905050792
0.33  0.4353235463361695
0.34  0.4685753983159886
0.35000000000000003  0.4997633657614979
0.36  0.5279100071463501
0.37  0.5519842231531112
0.38  0.5709608462407413
0.39  0.5839102948607696
0.4  0.5901098963482739
0.41000000000000003  0.5891600434072547
0.42  0.5810828166719112
0.43  0.5663803601717359
0.44  0.5460359951437672
0.45  0.5214517485791204
0.46  0.49432891415429153
0.47000000000000003  0.4665100081247544
0.48  0.4398096456252638
0.49  0.41588487692150333
0.5  0.39634588388897185
0.51  0.38393207217460734
0.52  0.3865067953856694
0.53  0.4227100803679949
0.54  0.5154059941474796
0.55  0.6564395579893859
0.56  0.7761343099361347
0.5700000000000001  0.791192245427393
0.58  0.6988904240044668
0.59  0.579247086925001
0.6  0.501769117722762
0.61  0.4747529110790196
0.62  0.47442492335178665
0.63  0.4810536824896653
0.64  0.4863351105402412
0.65  0.48786347029562044
0.66  0.4850122300209734
0.67  0.47762661919164257
0.68  0.46577022421319997
0.6900000000000001  0.4496814571243849
0.7000000000000001  0.42975074794837886
0.71  0.4064938419658773
0.72  0.38052064425410653
0.73  0.352501508658005
0.74  0.32313308607573965
0.75  0.2931057571797812
0.76  0.26307442407137543
0.77  0.23363406335424824
0.78  0.20530099250100597
0.79  0.1785003186085431
0.8  0.15355956891216352
0.81  0.13070808519544305
0.8200000000000001  0.11008142962658177
0.8300000000000001  0.09172981624829445
0.84  0.07562945696837933
0.85  0.061695689019764556
0.86  0.04979682415257015
0.87  0.03976793381147737
0.88  0.03142621016622233
0.89  0.024614382228103318
0.9  0.01947189174015012
0.91  0.017824932185263417
0.92  0.027508297213337012
0.93  0.06786706011183226
0.9400000000000001  0.16102149741575675
0.9500000000000001  0.293867677575505
0.96  0.39192289442945755
0.97  0.3776447922740146
0.98  0.2622145026455124
0.99  0.1312171244933169
