0.0  0.42062779139469086
0.01  0.5452034928037784
0.02  0.6339314701266668
0.03  0.6600385574384442
0.04  0.6205283766327808
0.05  0.5378770191058848
0.06  0.4460218097797742
0.07  0.37216422062034843
0.08  0.32719322882632423
0.09  0.3078476508978535
0.1  0.3046387422880395
0.11  0.3084930248559755
0.12  0.31342459113058074
0.13  0.31633973442966823
0.14  0.31593566119864447
0.15  0.31180270603901206
0.16  0.303949089104875
0.17  0.29260484981639795
0.18  0.27814684597793066
0.19  0.26106064877631435
0.2  0.24190874812422603
0.21  0.22129788351159108
0.22  0.1998458537799036
0.23  0.17814994662362404
0.24  0.1567591948183017
0.25  0.13615221144761736
0.26  0.11672171284311011
0.27  0.098766138435345
0.28  0.08248811268880832
0.29  0.06800457620606369
0.3  0.0607845314524687
0.31  0.2672634052703018
0.32  0.4194037691729316
0.33  0.05552898794561452
0.34  0.021377822147019845
0.35000000000000003  0.01623621505296469
0.36  0.0122230628277247
0.37  0.009085095475710118
0.38  0.006667546408650778
0.39  0.004832006274542813
0.4  0.0034582508072688372
0.41000000000000003  0.0024445691692104128
0.42  0.0017094286706528256
0.43  0.0014291217535385547
0.44  0.00918204217050336
0.45  0.09306637909682439
0.46  0.33913940485186483
0.47000000000000003  0.41155643629788735
0.48  0.16575005185042924
0.49  0.022206195905721864
0.5  0.001041954784126644
0.51  5.443802275865953e-05
0.52  2.5360479173711304e-05
0.53  1.615360333385972e-05
0.54  1.0834623633043449e-05
0.55  8.24673295575837e-06
0.56  7.880115659246534e-06
0.5700000000000001  9.737213316266505e-06
0.58  1.436721490835411e-05
0.59  2.3020887836697705e-05
0.6  3.797034228628763e-05
0.61  6.307344654570544e-05
0.62  0.00010471181665312092
0.63  0.00017329706318836
0.64  0.00028562058133849014
0.65  0.00046840754558360943
0.66  0.0007635021019523599
0.67  0.0012351155276750432
0.68  0.0019794496381281453
0.6900000000000001  0.003136687382804777
0.7000000000000001  0.004904749760092074
0.71  0.007553320073751209
0.72  0.011435484998237566
0.73  0.016993119522985725
0.74  0.024751187851181303
0.75  0.03529591507534323
0.76  0.04923281262069219
0.77  0.06712318959253308
0.78  0.08940208156621479
0.79  0.1162859707255117
0.8  0.14768414067257568
0.81  0.18313141467830604
0.8200000000000001  0.22176067521421428
0.8300000000000001  0.2623297178521357
0.84  0.3033084507082443
0.85  0.34302041917908294
0.86  0.37981969833764745
0.87  0.4122737693143954
0.88  0.43931837363087
0.89  0.4603535927939522
0.9  0.4752615351183433
0.91  0.4843427178374694
0.92  0.4881863923855341
0.93  0.4875049000262661
0.9400000000000001  0.48296966464882785
0.9500000000000001  0.47508463379569005
0.96  0.46412247872180334
0.97  0.4501326562823937
0.98  0.4330129508255386
0.99  0.41262187623344687
