0.0  2.560705033330906e-16
0.01  6.095095033432134e-16
0.02  1.434941497621013e-15
0.03  3.3413606312584195e-15
0.04  7.695747117936839e-15
0.05  1.7531518707306288e-14
0.06  3.950325146738115e-14
0.07  8.804286326860717e-14
0.08  1.9409179523627292e-13
0.09  4.2322942403306956e-13
0.1  9.12860532240515e-13
0.11  1.9475897941994994e-12
0.12  4.1101722229171084e-12
0.13  8.580202129966705e-12
0.14  1.7718059310235506e-11
0.15  3.619286593708022e-11
0.16  7.313517587371143e-11
0.17  1.461970192963928e-10
0.18  2.8918818416953464e-10
0.19  5.708089825141367e-10
0.2  1.3483729578618294e-09
0.21  1.1118826929387803e-08
0.22  2.375872042635605e-07
0.23  4.409240547680654e-06
0.24  6.036681781904466e-05
0.25  0.0006021787391465094
0.26  0.004371784764812147
0.27  0.023096256931401785
0.28  0.08879027181665959
0.29  0.2483867971387682
0.3  0.5056274033052147
0.31  0.7489824031099207
0.32  0.8073310835531131
0.33  0.6332445622100231
0.34  0.3614387392266037
0.35000000000000003  0.15012982490080112
0.36  0.04540492781965818
0.37  0.0100643161818832
0.38  0.001803852800962172
0.39  0.0006712502895727755
0.4  0.0011174242420618965
0.41000000000000003  0.002405566902142579
0.42  0.0050238302723716495
0.43  0.010019282073409625
0.44  0.019043271683938406
0.45  0.03445949723723722
0.46  0.0593296278715981
0.47000000000000003  0.09715603387077515
0.48  0.15129159918595333
0.49  0.22401135725686155
0.5  0.3153858096039303
0.51  0.42226109139682916
0.52  0.5377590545183365
0.53  0.651675833857793
0.54  0.7519381324821276
0.55  0.82691638391152
0.56  0.8680276198705189
0.5700000000000001  0.8718605083474399
0.58  0.8411408914964325
0.59  0.7842209268772502
0.6  0.7132733078650259
0.61  0.6417893929581127
0.62  0.5821428804538742
0.63  0.5438429503701655
0.64  0.5327570590324923
0.65  0.5512067038632738
0.66  0.5985872054484116
0.67  0.6721078269462121
0.68  0.7673652779942135
0.6900000000000001  0.8786618011236541
0.7000000000000001  0.9991586509053199
0.71  1.1210492518787263
0.72  1.2359247247643639
0.73  1.335410928058587
0.74  1.4120276767711168
0.75  1.460108596213085
0.76  1.4765637464994832
0.77  1.4612845221307214
0.78  1.4170738895782444
0.79  1.349105811115997
0.8  1.264035823493243
0.81  1.1689634228081325
0.8200000000000001  1.0704649728902205
0.8300000000000001  0.9738738099682993
0.84  0.8829018504997618
0.85  0.7996041323322427
0.86  0.7246124817333923
0.87  0.6575242155461899
0.88  0.5973293974931924
0.89  0.5427865510525144
0.9  0.4926966914428095
0.91  0.4460643065738764
0.92  0.40216165915897
0.93  0.36052609030968086
0.9400000000000001  0.3209207858454337
0.9500000000000001  0.28328249501152053
0.96  0.24767012110551312
0.97  0.21421977841607462
0.98  0.18310671904711245
0.99  0.15451261116780296
