0.0  0.0002423879857040318
0.01  0.0005063492257485933
0.02  0.001080301440429289
0.03  0.002350139063042757
0.04  0.00493858415585758
0.05  0.009324048133952292
0.06  0.015112170779798538
0.07  0.020988199369376785
0.08  0.026056445881292398
0.09  0.03106401165740317
0.1  0.03766721470731608
0.11  0.046719382944967774
0.12  0.05769414872067759
0.13  0.06930991877041943
0.14  0.08017956416307676
0.15  0.0890534023034882
0.16  0.09490438579230769
0.17  0.0970350928913116
0.18  0.09518601522819149
0.19  0.08958159503868669
0.2  0.08088457896160176
0.21  0.07006707070633987
0.22  0.058232239544396595
0.23  0.04643167360494914
0.24  0.035519474610999205
0.25  0.026068748338769997
0.26  0.01835589466181913
0.27  0.012400336428813056
0.28  0.008037042773699907
0.29  0.004997711267585323
0.3  0.0029818133408785787
0.31  0.0017072444318320383
0.32  0.0009385392255161567
0.33  0.0004963016718323441
0.34  0.0002540451536622703
0.35000000000000003  0.0001286231786685189
0.36  6.89597815518886e-05
0.37  4.590737175422652e-05
0.38  4.4449413674479675e-05
0.39  5.8401972566794933e-05
0.4  8.723696949530991e-05
0.41000000000000003  0.00013449848852341485
0.42  0.00020733949924463545
0.43  0.00031683863796616157
0.44  0.0004788891925095351
0.45  0.0007155551613647317
0.46  0.0010568677810717502
0.47000000000000003  0.0015431405959549546
0.48  0.002228159061554873
0.49  0.0031843949759332046
0.5  0.004513281041524112
0.51  0.006366921157109946
0.52  0.00899095829966338
0.53  0.01279571300757288
0.54  0.01844310303144853
0.55  0.026892903712367598
0.56  0.03930133921330431
0.5700000000000001  0.056666981408049426
0.58  0.07924432026381667
0.59  0.10598375472413779
0.6  0.1344389062995858
0.61  0.16146310196489153
0.62  0.18453750059557814
0.63  0.20304495596029556
0.64  0.2187094991211047
0.65  0.2349305176535352
0.66  0.2554653311339183
0.67  0.2832519056991335
0.68  0.3198849021207275
0.6900000000000001  0.36568689079035566
0.7000000000000001  0.4199546262923463
0.71  0.481025183141191
0.72  0.5461353587569122
0.73  0.6113349235689662
0.74  0.6717653987542619
0.75  0.7224262360786409
0.76  0.7592519459748557
0.77  0.7800967135705197
0.78  0.7852044776147813
0.79  0.7769527170883905
0.8  0.7589832599965549
0.81  0.7350914799699648
0.8200000000000001  0.7083021723752513
0.8300000000000001  0.6804107828193532
0.84  0.6520238578875914
0.85  0.6229338546328381
0.86  0.5925927319651547
0.87  0.5604981165041092
0.88  0.5264100908104345
0.89  0.49040868278832145
0.9  0.4528485865021131
0.91  0.41427111968784847
0.92  0.3753143287188533
0.93  0.33664000920357434
0.9400000000000001  0.29888125818400096
0.9500000000000001  0.26260735929240286
0.96  0.22830150988055556
0.97  0.196347919335114
0.98  0.1670261357655551
0.99  0.14051132555564247
