0.0  8.478682997339673e-05
0.01  0.0001299839380267393
0.02  0.00019632222335354453
0.03  0.00029212737065723645
0.04  0.0004282555551686209
0.05  0.0006185390586585801
0.06  0.0008801779411987522
0.07  0.00123401203561783
0.08  0.001704593035452753
0.09  0.002319966829665582
0.1  0.003111075027356044
0.11  0.004110695335267172
0.12  0.005351865953593788
0.13  0.006865780847443265
0.14  0.008679199821533435
0.15  0.01081148615773964
0.16  0.013271458523324866
0.17  0.016054313551456204
0.18  0.019138930786465686
0.19  0.02249376754376176
0.2  0.029322721110628305
0.21  0.10432584713518595
0.22  0.12561780011970305
0.23  0.04325486012419409
0.24  0.04051786761804133
0.25  0.04362399662409495
0.26  0.04632669413060106
0.27  0.04849989310563556
0.28  0.050058091512888696
0.29  0.0509392989609596
0.3  0.051109138860994094
0.31  0.0505630666268609
0.32  0.04932650061453982
0.33  0.047452871684999044
0.34  0.045019798824711944
0.35000000000000003  0.04212377170647143
0.36  0.038873846050371565
0.37  0.03538492127330427
0.38  0.03177116833002456
0.39  0.028140113967089223
0.4  0.02458777846729429
0.41000000000000003  0.02119512498151087
0.42  0.018025929288846804
0.43  0.015126037788236311
0.44  0.01252386367034549
0.45  0.010231886406075684
0.46  0.008248872097517373
0.47000000000000003  0.006562520743360615
0.48  0.005152265733392199
0.49  0.003991992857742719
0.5  0.003052501643543135
0.51  0.002303592088234669
0.52  0.0017157174182672787
0.53  0.0012611929703988888
0.54  0.0009149895094755381
0.55  0.0006551651773594335
0.56  0.00046300440586799664
0.5700000000000001  0.0003229362729591258
0.58  0.00022230131188521974
0.59  0.0001510272338351962
0.6  0.00010126274110940932
0.61  6.7006523123358e-05
0.62  4.375706121928768e-05
0.63  2.8198922887617012e-05
0.64  1.7933249458010227e-05
0.65  1.1254225781924553e-05
0.66  6.9693121475589075e-06
0.67  4.258620396956002e-06
0.68  2.5676712957173367e-06
0.6900000000000001  1.5275238283868878e-06
0.7000000000000001  8.966050136740703e-07
0.71  5.1923685695287e-07
0.72  2.9666599084615667e-07
0.73  1.6722255744079327e-07
0.74  9.298953120618924e-08
0.75  5.1012837117034164e-08
0.76  2.7943347352692752e-08
0.77  8.007445753307047e-08
0.78  5.564950865838779e-06
0.79  0.00020772097504235192
0.8  0.003412038117633095
0.81  0.02463090554587362
0.8200000000000001  0.07813977833587472
0.8300000000000001  0.1089404204866391
0.84  0.06674688212743395
0.85  0.01797206513046094
0.86  0.002126620764486442
0.87  0.00011058780040139115
0.88  2.527262668320814e-06
0.89  2.5384162339708572e-08
0.9  1.1322921698221007e-10
0.91  7.479396039483002e-13
0.92  2.305017879023691e-13
0.93  9.85820212272794e-14
0.9400000000000001  4.161275418336947e-14
0.9500000000000001  1.732244186314322e-14
0.96  7.111192423985671e-15
0.97  2.878881230853752e-15
0.98  1.1493456302263025e-15
0.99  4.525024619816512e-16
