0.0  0.016660383934857605
0.01  0.018919921471166404
0.02  0.020511992958555172
0.03  0.021230029282813808
0.04  0.020977200675242735
0.05  0.019787853109574354
0.06  0.01781984938802994
0.07  0.01532017030194488
0.08  0.012574114522060965
0.09  0.009852484274886794
0.1  0.007370046676384999
0.11  0.005263328636201469
0.12  0.003588980855407022
0.13  0.0023383051188207043
0.14  0.0014608987813525163
0.15  0.0008910660244485022
0.16  0.0005736515211810556
0.17  0.0004892949237981132
0.18  0.0006802682021599217
0.19  0.0012746323881714426
0.2  0.002497738207668377
0.21  0.0046497721503360795
0.22  0.008025768264455044
0.23  0.012772239686389084
0.24  0.018715587670544067
0.25  0.025244075059733435
0.26  0.0313401769183441
0.27  0.03581138799235781
0.28  0.03766319088892736
0.29  0.03645779348339839
0.3  0.032482127165087825
0.31  0.02663714687124493
0.32  0.020106678237319504
0.33  0.013971848092770345
0.34  0.008940612328403107
0.35000000000000003  0.005273243012190518
0.36  0.0028746615001765496
0.37  0.0014611885369410957
0.38  0.0007124623892565884
0.39  0.0003627801496897768
0.4  0.0002310323100210879
0.41000000000000003  0.00021200145150883178
0.42  0.0002535407999687272
0.43  0.00033499814210915846
0.44  0.00045252198505760666
0.45  0.0006111429489822722
0.46  0.000821686649449972
0.47000000000000003  0.0011009054325708224
0.48  0.0014743444631604334
0.49  0.0019832548053624697
0.5  0.0027011085642422946
0.51  0.003775134542942042
0.52  0.005519412719753943
0.53  0.008562808098893938
0.54  0.013931949612758858
0.55  0.022762955193215854
0.56  0.03541683106198342
0.5700000000000001  0.05046902588848656
0.58  0.06479432441480096
0.59  0.07535825459134085
0.6  0.08134559063998563
0.61  0.08443412686352338
0.62  0.08695212034198115
0.63  0.08994387265340181
0.64  0.0928540722013715
0.65  0.09451967254143351
0.66  0.09418001069703678
0.67  0.09182327145549016
0.68  0.08801175236005489
0.6900000000000001  0.08354897973824968
0.7000000000000001  0.07919815075813603
0.71  0.07550978722856824
0.72  0.07275571021491715
0.73  0.07094726850307505
0.74  0.06990607400608256
0.75  0.06935311069431663
0.76  0.06898876560583068
0.77  0.06854863363150196
0.78  0.06783218122761657
0.79  0.06670951568000985
0.8  0.06511460496939746
0.81  0.06303258341319937
0.8200000000000001  0.06048629114975288
0.8300000000000001  0.057524597186844925
0.84  0.054213201509490674
0.85  0.05062765158551793
0.86  0.046848014709537665
0.87  0.04295470751639832
0.88  0.03902515819319306
0.89  0.03513113643608114
0.9  0.031336687268391256
0.91  0.027696649430495827
0.92  0.024255745051818135
0.93  0.021048212956933453
0.9400000000000001  0.018097936526666643
0.9500000000000001  0.015418996615411804
0.96  0.013016564838388539
0.97  0.010888044305420976
0.98  0.009024363769153788
0.99  0.007411336421103541
