0.0  3.513836006716344e-12
0.01  1.8037777251968148e-11
0.02  8.742094186007393e-11
0.03  4.0001739178104635e-10
0.04  1.7281172181904415e-09
0.05  7.0485283651837324e-09
0.06  2.7142799410156973e-08
0.07  9.868286588892447e-08
0.08  3.3873478790776464e-07
0.09  1.0977634805938933e-06
0.1  3.358835139839812e-06
0.11  9.702854705785994e-06
0.12  2.6463135413937144e-05
0.13  6.814186268949433e-05
0.14  0.00016565999117240866
0.15  0.000380235093857519
0.16  0.0008239819388799555
0.17  0.0016858313197762088
0.18  0.0032564279569358328
0.19  0.005938814525357975
0.2  0.010225604245223079
0.21  0.016622989473687996
0.22  0.025512922521133054
0.23  0.03696938460937274
0.24  0.05057724434852547
0.25  0.06532795097014343
0.26  0.07966615201546147
0.27  0.09172327979155566
0.28  0.09970484013418045
0.29  0.10232549124921546
0.3  0.09914763654458696
0.31  0.09070094769239544
0.32  0.07833795225821706
0.33  0.06387979879933864
0.34  0.04917969418793634
0.35000000000000003  0.03574697280447869
0.36  0.024531575733218885
0.37  0.015894835130276945
0.38  0.009725555586038322
0.39  0.0056269157157901924
0.4  0.0031047132161825058
0.41000000000000003  0.001718106526340005
0.42  0.0011900924334209621
0.43  0.0014973600095471197
0.44  0.0029529329689221484
0.45  0.006253660131074918
0.46  0.01240360190878719
0.47000000000000003  0.022396616758234844
0.48  0.03662274110254566
0.49  0.05417933253670628
0.5  0.07250579817135935
0.51  0.0877820561968977
0.52  0.09617186201639713
0.53  0.09540510313106858
0.54  0.0858301854429762
0.55  0.07030119391660293
0.56  0.052983952525009335
0.5700000000000001  0.03781852680240575
0.58  0.027470142120332712
0.59  0.02314000012333572
0.6  0.025023434135814218
0.61  0.03291429702705672
0.62  0.04654900804943002
0.63  0.06556917473863982
0.64  0.08923228090929615
0.65  0.1161120265300892
0.66  0.1440099389759666
0.67  0.1701908231562164
0.68  0.19190242774891214
0.6900000000000001  0.20700007637222645
0.7000000000000001  0.21443311965142448
0.71  0.2144006876172555
0.72  0.20812966978204117
0.73  0.1973920666180343
0.74  0.18397454685590506
0.75  0.16929711857191052
0.76  0.15427473992914018
0.77  0.13939374299063054
0.78  0.1248980047319837
0.79  0.11097182806983036
0.8  0.09784921337427774
0.81  0.08583537283636221
0.8200000000000001  0.07526607006283326
0.8300000000000001  0.06644347379339596
0.84  0.05957992502858024
0.85  0.054767683407343254
0.86  0.05228007987188658
0.87  0.060449613306508936
0.88  0.10761537925419629
0.89  0.11998617561272232
0.9  0.07231833371247183
0.91  0.06086750072749159
0.92  0.06392929133458639
0.93  0.06766041346810346
0.9400000000000001  0.07104425530657708
0.9500000000000001  0.07382575763591849
0.96  0.07580679980080017
0.97  0.07684404396818068
0.98  0.07685153930409094
0.99  0.07580083367675454
