0.0  0.2596634725110268
0.01  0.2792617699303175
0.02  0.2994174149172436
0.03  0.3202134003419867
0.04  0.34172286482006636
0.05  0.36398887729700935
0.06  0.38700326412929453
0.07  0.4106864456625308
0.08  0.43487034677719383
0.09  0.45928634918982414
0.1  0.4835599655593564
0.11  0.5072134585327566
0.12  0.5296770387896179
0.13  0.5503086023623949
0.14  0.5684212623320031
0.15  0.5833172492640841
0.16  0.5943261556127177
0.17  0.6008450421382127
0.18  0.6023776794243331
0.19  0.5985702610397435
0.2  0.5892414596779894
0.21  0.5744060495454748
0.22  0.554294335511974
0.23  0.5293763447104219
0.24  0.500414064800967
0.25  0.468591024547939
0.26  0.435800207133731
0.27  0.40516922999579935
0.28  0.3817741474280338
0.29  0.3731445155998727
0.3  0.38867409452789914
0.31  0.4368958362177924
0.32  0.5204766783693872
0.33  0.6308863618823546
0.34  0.7466500622137788
0.35000000000000003  0.8385548490370517
0.36  0.8811907587356181
0.37  0.8650387042495137
0.38  0.8008499603596849
0.39  0.7111723231911232
0.4  0.6137815587908816
0.41000000000000003  0.5125069647067502
0.42  0.4055949455270408
0.43  0.29909787977870145
0.44  0.2061452556775679
0.45  0.135559155499959
0.46  0.08678647328199308
0.47000000000000003  0.05434533488774499
0.48  0.03301623159528892
0.49  0.01929055136536641
0.5  0.010820936046253348
0.51  0.0058812587304327875
0.52  0.003188153575489677
0.53  0.001846249864276461
0.54  0.0012823870368274823
0.55  0.0011612109069796253
0.56  0.0013128968239072198
0.5700000000000001  0.0017565997142420075
0.58  0.00321512768453682
0.59  0.009422761213929085
0.6  0.03273215650958658
0.61  0.09798512091909667
0.62  0.22585950517157063
0.63  0.3891117038318786
0.64  0.49710230380594256
0.65  0.4702533465546523
0.66  0.33023887341601127
0.67  0.1740574035249189
0.68  0.0717642607913091
0.6900000000000001  0.026928473967217457
0.7000000000000001  0.013134018213098852
0.71  0.009958823879169647
0.72  0.00915220705037109
0.73  0.008600309665616087
0.74  0.007968848091738234
0.75  0.007291022581589966
0.76  0.006738514257405926
0.77  0.006757608934219638
0.78  0.008503673170188925
0.79  0.014697532341792257
0.8  0.030718781923706532
0.81  0.06483297207669038
0.8200000000000001  0.1256226386194565
0.8300000000000001  0.21596654283396602
0.84  0.3271225810906657
0.85  0.4394197068302036
0.86  0.5315546399299792
0.87  0.5910692044657161
0.88  0.6164187314460592
0.89  0.6106351473694687
0.9  0.5755986496770059
0.91  0.5128979168541496
0.92  0.42809364787939463
0.93  0.33217669616842754
0.9400000000000001  0.23849272717057632
0.9500000000000001  0.15805221830375862
0.96  0.09657793282667805
0.97  0.05439084695344696
0.98  0.028228140735258946
0.99  0.013499838296766592
