0.0  1.0794035625474434e-12
0.01  3.035142006745318e-12
0.02  8.355240268446279e-12
0.03  2.2517105140824555e-11
0.04  5.940595701977738e-11
0.05  1.5342725730028703e-10
0.06  3.8790234453275894e-10
0.07  9.600256975375815e-10
0.08  2.3258299782160075e-09
0.09  5.5157250877365375e-09
0.1  1.2804200046282564e-08
0.11  2.9095367160090234e-08
0.12  6.471632191665299e-08
0.13  1.4090295280900137e-07
0.14  3.002900634215328e-07
0.15  6.264340481621278e-07
0.16  1.2791538990340953e-06
0.17  2.5567214498814494e-06
0.18  5.002163913144742e-06
0.19  9.57960558888021e-06
0.2  1.795785572914202e-05
0.21  3.2951943492517746e-05
0.22  5.918757162561112e-05
0.23  0.00010406551928315345
0.24  0.00017910787320275158
0.25  0.0003017584213337907
0.26  0.0004976766440651213
0.27  0.0008034990772315193
0.28  0.0012699360285755856
0.29  0.0019649240036158024
0.3  0.002976373016754387
0.31  0.004413855457154095
0.32  0.0064084175809092404
0.33  0.009109608559496675
0.34  0.012678875190859452
0.35000000000000003  0.017278717213120187
0.36  0.023057470047933515
0.37  0.03013026862983404
0.38  0.03855758181514505
0.39  0.04832356610145683
0.4  0.05931719650410027
0.41000000000000003  0.0713194991866658
0.42  0.08400006721652684
0.43  0.09692529327738496
0.44  0.1095794211839893
0.45  0.12139775506372529
0.46  0.13180944583658163
0.47000000000000003  0.14028554883376398
0.48  0.14638686601777892
0.49  0.1498057233313209
0.5  0.1503964102538434
0.51  0.1481904591660484
0.52  0.14339502074605143
0.53  0.13637492418837593
0.54  0.12762117928168476
0.55  0.11771031334030672
0.56  0.10725980216582562
0.5700000000000001  0.09688489013327804
0.58  0.08716142295593216
0.59  0.07859822491182926
0.6  0.07162149551903536
0.61  0.06657339902788184
0.62  0.0637286267120459
0.63  0.06333756967358659
0.64  0.06571234465818858
0.65  0.07137460432388076
0.66  0.08126117824429258
0.67  0.09690831409794001
0.68  0.12041226727921629
0.6900000000000001  0.15388636438740372
0.7000000000000001  0.19828075246737903
0.71  0.251902679762396
0.72  0.3095442186489492
0.73  0.36321720871186775
0.74  0.40468498844821105
0.75  0.428640682133482
0.76  0.4346383203908464
0.77  0.4265761189837693
0.78  0.4102119730373578
0.79  0.39043689203877857
0.8  0.36986248468328026
0.81  0.3490642492364122
0.8200000000000001  0.32772542345777733
0.8300000000000001  0.30569345775401774
0.84  0.28342949136595125
0.85  0.2618964889080436
0.86  0.24219747060066368
0.87  0.22523948038430697
0.88  0.21154704432295984
0.89  0.20122653943500773
0.9  0.19403306386382374
0.91  0.1895035509959354
0.92  0.18718449809220467
0.93  0.1870718763604433
0.9400000000000001  0.19030767355821737
0.9500000000000001  0.19956172639462702
0.96  0.21757417067525137
0.97  0.24301653789111916
0.98  0.2668354252229269
0.99  0.2752461655330139
