0.0  7.152957690631779e-10
0.01  1.4615087176606806e-09
0.02  2.945581690957462e-09
0.03  5.855913338089921e-09
0.04  1.148344299095129e-08
0.05  2.2212810271760612e-08
0.06  4.2382718791303294e-08
0.07  7.976788057466233e-08
0.08  1.4808848033826556e-07
0.09  2.711868386300196e-07
0.1  4.898581783835852e-07
0.11  8.728252513479293e-07
0.12  1.5340559495543725e-06
0.13  2.659598242471718e-06
0.14  4.548418555544932e-06
0.15  7.673477954298202e-06
0.16  1.2771658200737944e-05
0.17  2.0974624807261894e-05
0.18  3.3998472735529916e-05
0.19  5.4420889550441626e-05
0.2  8.609683153386094e-05
0.21  0.00013480960392843005
0.22  0.00020934488541964405
0.23  0.00032334105390746545
0.24  0.0004985421710477704
0.25  0.0007704689960020199
0.26  0.0011979637998016227
0.27  0.00187834536525433
0.28  0.0029696081453390237
0.29  0.004719592755624498
0.3  0.0074987205144264315
0.31  0.011827550188324602
0.32  0.01838400310810088
0.33  0.0279701539618576
0.34  0.041419010907381267
0.35000000000000003  0.05943185131735376
0.36  0.0823581587585407
0.37  0.1099600269365576
0.38  0.14125338726107078
0.39  0.17494101938451487
0.4  0.21316969754567838
0.41000000000000003  0.2670504319213481
0.42  0.3304097801253548
0.43  0.3504039998755863
0.44  0.3170700768879775
0.45  0.28315029268750574
0.46  0.26350105454543865
0.47000000000000003  0.24599203302762773
0.48  0.22673389603699104
0.49  0.20714337670627697
0.5  0.18889715812662253
0.51  0.17297642262762727
0.52  0.15964936315221015
0.53  0.14865004232052137
0.54  0.1394971947733376
0.55  0.13233630158880208
0.56  0.1310325466834235
0.5700000000000001  0.15092071969373436
0.58  0.2238328569997382
0.59  0.3726810690407426
0.6  0.5552513106892321
0.61  0.6679487652036101
0.62  0.6531582929972121
0.63  0.5562923746618195
0.64  0.4456752535820729
0.65  0.3455525876418855
0.66  0.25957847247856586
0.67  0.19729952876018658
0.68  0.16560885364273514
0.6900000000000001  0.15989957236537358
0.7000000000000001  0.16919672812316075
0.71  0.18371681321630656
0.72  0.1974918473861367
0.73  0.20763941879637954
0.74  0.21322546229433012
0.75  0.21468701877587043
0.76  0.21358190948732098
0.77  0.2123167945718749
0.78  0.21370689542584176
0.79  0.22038342446141307
0.8  0.23416173077927332
0.81  0.25554400728321724
0.8200000000000001  0.2835516883590832
0.8300000000000001  0.316009565491997
0.84  0.3501544935274623
0.85  0.38308717668171877
0.86  0.4115850779609988
0.87  0.43162213448113873
0.88  0.438917527680335
0.89  0.43118317256724464
0.9  0.4103926119117119
0.91  0.38244525552381586
0.92  0.35404788660219444
0.93  0.3295370499047095
0.9400000000000001  0.30998900559272075
0.9500000000000001  0.29434129280419596
0.96  0.2808690420739599
0.97  0.26802502250204946
0.98  0.2546851234424922
0.99  0.24015323645217304
