0.0  0.35486457548829514
0.01  0.4175725842883407
0.02  0.4173932222789934
0.03  0.35440750343787336
0.04  0.2556257318422949
0.05  0.15662119412847605
0.06  0.08151572702305546
0.07  0.036039594985920534
0.08  0.01353566576765303
0.09  0.004319351678174874
0.1  0.0011724870506915975
0.11  0.00027312880430553605
0.12  5.863901827979927e-05
0.13  1.8112692911338623e-05
0.14  1.578208556700656e-05
0.15  2.2534674430199552e-05
0.16  3.417584864577513e-05
0.17  5.1788653016128916e-05
0.18  7.822260198839241e-05
0.19  0.00011820411531480059
0.2  0.00017965007426909505
0.21  0.0002762609383550438
0.22  0.000432218211861726
0.23  0.0006902928266871326
0.24  0.0011250694397324022
0.25  0.0018631028598598762
0.26  0.0031112389401688235
0.27  0.005192527007828309
0.28  0.0085856712142731
0.29  0.013958783924081257
0.3  0.022182152960094303
0.31  0.03429985670303687
0.32  0.051439502627727604
0.33  0.07464653976103805
0.34  0.10464655815124078
0.35000000000000003  0.1415644588840694
0.36  0.18465739569016945
0.37  0.2321387716386087
0.38  0.28117188481527583
0.39  0.3280863389344043
0.4  0.3688191150635063
0.41000000000000003  0.39951740315368645
0.42  0.41718272752620944
0.43  0.4202077195888139
0.44  0.4086721453010794
0.45  0.3843222910779713
0.46  0.3502401526383173
0.47000000000000003  0.3102887497990117
0.48  0.26847101412829794
0.49  0.22834725826822214
0.5  0.19262207387880315
0.51  0.1629518858972298
0.52  0.13996204826039793
0.53  0.12341698399483951
0.54  0.1124683537672157
0.55  0.10591312933134968
0.56  0.10241613957097523
0.5700000000000001  0.10067795513317893
0.58  0.09954924068198714
0.59  0.09810260157837805
0.6  0.09567343695163705
0.61  0.09187660220771704
0.62  0.08660060072375017
0.63  0.07997886613615601
0.64  0.07233931109290792
0.65  0.06413739402611278
0.66  0.05588211394596181
0.67  0.04806641675736137
0.68  0.04111244512903793
0.6900000000000001  0.03533824108462222
0.7000000000000001  0.030947305141172395
0.71  0.028037543095536473
0.72  0.026622933723582858
0.73  0.02666028868539257
0.74  0.028074513493912573
0.75  0.0307780954200629
0.76  0.03468346978082082
0.77  0.03971056512038697
0.78  0.045798002351674874
0.79  0.05293860465591247
0.8  0.06127828165227432
0.81  0.07132364935444564
0.8200000000000001  0.08424401403846257
0.8300000000000001  0.10206608680934152
0.84  0.12730484660108005
0.85  0.1615760309731616
0.86  0.20341282476629555
0.87  0.24670590765272496
0.88  0.28171240436955164
0.89  0.2991602009891594
0.9  0.2952071142387988
0.91  0.2736137876656597
0.92  0.24339409243232774
0.93  0.2138315186346514
0.9400000000000001  0.19050620067430693
0.9500000000000001  0.17444869813773678
0.96  0.1637819004379123
0.97  0.15589194241182894
0.98  0.1487623054292524
0.99  0.14129715300792367
