0.0  1.128360789887193e-19
0.01  3.1949971695153615e-19
0.02  8.930628012661791e-19
0.03  2.4642374485169526e-18
0.04  6.712312030416019e-18
0.05  1.804890053616829e-17
0.06  4.7909142421079396e-17
0.07  1.255379617580868e-16
0.08  3.247287793513711e-16
0.09  8.291927910015566e-16
0.1  2.090158815252718e-15
0.11  5.2010626513933426e-15
0.12  1.277597093721716e-14
0.13  3.0980239859396946e-14
0.14  7.415913702033596e-14
0.15  1.7524013922773157e-13
0.16  4.0878179139213956e-13
0.17  9.41322687919743e-13
0.18  2.1398066888129275e-12
0.19  4.801750452719389e-12
0.2  1.0636865359278406e-11
0.21  2.3260378036912254e-11
0.22  5.0212160263784595e-11
0.23  1.0700155142303135e-10
0.24  2.2509211072972166e-10
0.25  4.674331440566536e-10
0.26  9.582255883474601e-10
0.27  1.9391216506174865e-09
0.28  3.873748110821422e-09
0.29  7.639179771009041e-09
0.3  1.4871374619042993e-08
0.31  2.857883547569758e-08
0.32  5.421593767817498e-08
0.33  1.015309498845211e-07
0.34  1.8769770217177743e-07
0.35000000000000003  3.425377915413176e-07
0.36  6.170879437211404e-07
0.37  1.0974245223887232e-06
0.38  1.92659882082768e-06
0.39  3.3388503233420724e-06
0.4  5.712045284174285e-06
0.41000000000000003  9.646624279165462e-06
0.42  1.6082298418402825e-05
0.43  2.6467315843029427e-05
0.44  4.299923352707534e-05
0.45  6.896052501672946e-05
0.46  0.00010917656724808349
0.47000000000000003  0.00017062683756277505
0.48  0.00026324145271992166
0.49  0.00040091309966774343
0.5  0.0006027472612007481
0.51  0.0008945595887273356
0.52  0.0013106065544750886
0.53  0.0018955027841527042
0.54  0.0027062352616851054
0.55  0.003814131842141161
0.56  0.00530658206022587
0.5700000000000001  0.007288247269854371
0.58  0.009881442401407996
0.59  0.013225333098133766
0.6  0.01747358132288266
0.61  0.022790101674397028
0.62  0.029342670084571785
0.63  0.03729426301552379
0.64  0.0467921993699278
0.65  0.05795540151753881
0.66  0.07086036906495952
0.67  0.0855267426076692
0.68  0.10190359001306529
0.6900000000000001  0.11985773538781187
0.7000000000000001  0.13916553164743978
0.71  0.15950941883378028
0.72  0.18048039240738123
0.73  0.20158712862834163
0.74  0.22227200407065265
0.75  0.24193367095252857
0.76  0.2599554049681936
0.77  0.27573899114626155
0.78  0.28874962247305197
0.79  0.29860430551018524
0.8  0.3053256735632418
0.81  0.31006984537254323
0.8200000000000001  0.3167434196726098
0.8300000000000001  0.3342259857025755
0.84  0.37662808736522685
0.85  0.4568451286501386
0.86  0.5723714233186958
0.87  0.6942371427817077
0.88  0.7768000115948172
0.89  0.7896459367586163
0.9  0.7442790129442352
0.91  0.6870591440063869
0.92  0.6647144817770648
0.93  0.6957271346919481
0.9400000000000001  0.7679606448949766
0.9500000000000001  0.8551705475372707
0.96  0.9425945840891884
0.97  1.0682505010154328
0.98  1.3182408712142577
0.99  1.6147768728912504
