0.0  7.682446051271106e-08
0.01  1.3253806694155216e-07
0.02  2.2636629750435785e-07
0.03  3.8274799575819284e-07
0.04  6.406843348097224e-07
0.05  1.0617085329221353e-06
0.06  1.7417929670210492e-06
0.07  2.828901199780468e-06
0.08  4.548508906624306e-06
0.09  7.240196304288887e-06
0.1  1.1409369776158048e-05
0.11  1.7799302849929515e-05
0.12  2.7489975426029703e-05
0.13  4.2031581675723014e-05
0.14  6.362197357656105e-05
0.15  9.53385545460226e-05
0.16  0.00014143601510438844
0.17  0.0002077215156460964
0.18  0.00030201810351737846
0.19  0.0004347248756200532
0.2  0.0006194782032505181
0.21  0.0008739117741697675
0.22  0.001220503906079149
0.23  0.0016874883346601297
0.24  0.002309789526604795
0.25  0.003129925926366955
0.26  0.004198805288881828
0.27  0.005576316786605892
0.28  0.007331606874002727
0.29  0.00954291242883899
0.3  0.012296818339212147
0.31  0.01568681050525376
0.32  0.019811012059280594
0.33  0.024769022814961603
0.34  0.030657830890510843
0.35000000000000003  0.0375668310664399
0.36  0.0455720649440483
0.37  0.05472988963355158
0.38  0.06507037884354026
0.39  0.07659085545827347
0.4  0.08925003923582102
0.41000000000000003  0.10296335756828436
0.42  0.1176000014001436
0.43  0.13298230248865597
0.44  0.1488879524600097
0.45  0.16505546906421406
0.46  0.18119313176070778
0.47000000000000003  0.19699135017513364
0.48  0.21213809247563997
0.49  0.22633659299568362
0.5  0.23932410198247883
0.51  0.25088998064870405
0.52  0.26089105518937594
0.53  0.26926192448130115
0.54  0.2760179840315613
0.55  0.28124939172965663
0.56  0.2851051243904402
0.5700000000000001  0.287767640095902
0.58  0.2894203358292314
0.59  0.2902117115407679
0.6  0.29022155698866303
0.61  0.2894351669776622
0.62  0.2877312290476135
0.63  0.28488745658412756
0.64  0.2806053663876869
0.65  0.27455222574836763
0.66  0.2664147681839217
0.67  0.255956564254899
0.68  0.24306967597975618
0.6900000000000001  0.2278122774017356
0.7000000000000001  0.21042978258612288
0.71  0.19137724919258836
0.72  0.17141997235043982
0.73  0.15200539162556018
0.74  0.13615115333934943
0.75  0.12962093735161867
0.76  0.14072754035456078
0.77  0.1759364669394658
0.78  0.23114187766537225
0.79  0.28587478317539755
0.8  0.3108402053270256
0.81  0.28775496207763807
0.8200000000000001  0.22390395374284475
0.8300000000000001  0.14604350032903265
0.84  0.08028738188532353
0.85  0.03786829802377326
0.86  0.015989768164060843
0.87  0.006586465734012101
0.88  0.002982584905697123
0.89  0.0015867534720172692
0.9  0.000951634916703853
0.91  0.0005995993426146618
0.92  0.00038188783347692113
0.93  0.000242851053111176
0.9400000000000001  0.00015385506156506438
0.9500000000000001  9.713722871767729e-05
0.96  6.114973913658704e-05
0.97  3.839212835783075e-05
0.98  2.4036657596981563e-05
0.99  1.5000268793202493e-05
