0.0  0.19369643197982386
0.01  0.19259816767596213
0.02  0.18734872617587056
0.03  0.17828606570325614
0.04  0.16597860930445527
0.05  0.15116627266577384
0.06  0.1346870222366325
0.07  0.11739907123930539
0.08  0.10010865679906776
0.09  0.08351157429946168
0.1  0.06815375216958593
0.11  0.05441278243418529
0.12  0.04249914206187319
0.13  0.03247337735266857
0.14  0.02427408295061756
0.15  0.017751142288078094
0.16  0.012699246488668076
0.17  0.008887876092331003
0.18  0.006085371110570486
0.19  0.0040761215848932756
0.2  0.0026710625829900808
0.21  0.001712441720546665
0.22  0.0010742300445135617
0.23  0.0006596263373261982
0.24  0.0003969562893064704
0.25  0.00023499427717376358
0.26  0.0001384246741505428
0.27  8.387384143579947e-05
0.28  5.6717658323867214e-05
0.29  4.871374444348746e-05
0.3  5.641736669451381e-05
0.31  8.030154168347394e-05
0.32  0.00012449820564508705
0.33  0.000197092479685976
0.34  0.0003109225857372585
0.35000000000000003  0.00048485357270680373
0.36  0.0007454964338751183
0.37  0.0011293312646246819
0.38  0.0016851636143908448
0.39  0.002476803124875908
0.4  0.0035858188772697327
0.41000000000000003  0.005114226695014962
0.42  0.007187044962266902
0.43  0.00995486625259848
0.44  0.0135969500660566
0.45  0.01832576535474276
0.46  0.024394126788342116
0.47000000000000003  0.03210555081013238
0.48  0.04182651374391679
0.49  0.05399542321972475
0.5  0.06911767188721687
0.51  0.08773107519297033
0.52  0.11032504440192702
0.53  0.13720447808589623
0.54  0.16830811419017352
0.55  0.20301823590028126
0.56  0.2400242946522945
0.5700000000000001  0.2773123614783226
0.58  0.31233252307430204
0.59  0.3423456994503916
0.6  0.36488476225476063
0.61  0.37821024687755855
0.62  0.38162649472749455
0.63  0.3755619974801174
0.64  0.36139539994672026
0.65  0.3410932408317757
0.66  0.3167808000727196
0.67  0.29037243145648706
0.68  0.2633464011363644
0.6900000000000001  0.23668558066090228
0.7000000000000001  0.21094885295178595
0.71  0.18640877732026867
0.72  0.16319245158219262
0.73  0.14138453954601343
0.74  0.12107902233037925
0.75  0.10238747151963547
0.76  0.08542162703529718
0.77  0.07026812138284773
0.78  0.0569677026878165
0.79  0.04550461308425055
0.8  0.035806548369365594
0.81  0.0277527078021678
0.8200000000000001  0.021186509906331134
0.8300000000000001  0.01592984377277732
0.84  0.01179654983478591
0.85  0.00860372797913145
0.86  0.006180235383026177
0.87  0.004372294219282287
0.88  0.0030464880311893293
0.89  0.0020906204460534915
0.9  0.0014129815305125874
0.91  0.0009405531326356897
0.92  0.0006166173418429525
0.93  0.0003981380494566435
0.9400000000000001  0.00025318453969650184
0.9500000000000001  0.0001585718997314104
0.96  9.781395599792151e-05
0.97  5.9423874772161416e-05
0.98  3.555548916624071e-05
0.99  2.0952598803412927e-05
