0.0  0.0011885963108954542
0.01  0.004263096708260864
0.02  0.010842023729146383
0.03  0.01955194139556103
0.04  0.02500136950763091
0.05  0.02266899053843085
0.06  0.014574571363012575
0.07  0.006644503724009588
0.08  0.002148515225127506
0.09  0.0004948154799152579
0.1  8.864759566243544e-05
0.11  3.697935707323537e-05
0.12  8.376139254106863e-05
0.13  0.000230825247760758
0.14  0.0005965230238128626
0.15  0.0014334847418970304
0.16  0.003202599291523698
0.17  0.00665203517715734
0.18  0.012845436336925833
0.19  0.023061395012993532
0.2  0.0384914860465092
0.21  0.05972912761460141
0.22  0.08616880195505085
0.23  0.11557298434570842
0.24  0.14411360791169522
0.25  0.16706906596179683
0.26  0.18006507664897248
0.27  0.18042858059523853
0.28  0.16808292130650174
0.29  0.14557416566962542
0.3  0.1172162150886907
0.31  0.08774744097438684
0.32  0.06106992086297218
0.33  0.039516389799869975
0.34  0.0237754457665205
0.35000000000000003  0.01330668660869912
0.36  0.006941036538599447
0.37  0.003403140168945295
0.38  0.0016285314903812826
0.39  0.0008780525405750331
0.4  0.0007206115255283626
0.41000000000000003  0.0009623989999298467
0.42  0.0015745320678033983
0.43  0.0026400825964771712
0.44  0.004320174906754446
0.45  0.006829386421097942
0.46  0.010409457792075727
0.47000000000000003  0.015293450279552576
0.48  0.02165772212127859
0.49  0.029565330296769884
0.5  0.038910690452768355
0.51  0.049380025041332876
0.52  0.060443417961522104
0.53  0.0713906776117018
0.54  0.08141449767807891
0.55  0.08973229494553642
0.56  0.09572602047422642
0.5700000000000001  0.09907130839855685
0.58  0.09982679911968155
0.59  0.09846228931035454
0.6  0.09581853752504185
0.61  0.09300781470328817
0.62  0.09127776146628054
0.63  0.09186843543422404
0.64  0.09589337387323246
0.65  0.10427352251943706
0.66  0.11775540338404247
0.67  0.13706590910838928
0.68  0.16331340726506885
0.6900000000000001  0.19879263901414396
0.7000000000000001  0.24808148906184246
0.71  0.3182009957254065
0.72  0.41519578733113616
0.73  0.5360550832550235
0.74  0.6617771390619569
0.75  0.7621963634753102
0.76  0.8137449089831779
0.77  0.8144079970531384
0.78  0.7807770047474605
0.79  0.7327012215918723
0.8  0.6825133275133977
0.81  0.6350743926612881
0.8200000000000001  0.5920429525071033
0.8300000000000001  0.5541465839437918
0.84  0.5213435844021843
0.85  0.4928660073992862
0.86  0.4677652667150741
0.87  0.44548541424736343
0.88  0.42606741266747006
0.89  0.4099975512065953
0.9  0.3979004278695785
0.91  0.39024539705271766
0.92  0.3871426981859037
0.93  0.38824137495783634
0.9400000000000001  0.3927168614763827
0.9500000000000001  0.39933277029814795
0.96  0.40656202800123514
0.97  0.4127504006154201
0.98  0.4163010219896755
0.99  0.41585465237834984
