0.0  1.0596367509583012e-06
0.01  1.920830931593077e-06
0.02  3.4255628765733467e-06
0.03  6.0101651067721755e-06
0.04  1.0374211855149522e-05
0.05  1.761880785518943e-05
0.06  2.949089913562554e-05
0.07  4.976235305368399e-05
0.08  0.00010069889520047037
0.09  0.0003719496024659131
0.1  0.0020444792519629844
0.11  0.009678652191399335
0.12  0.03271616141657462
0.13  0.07596622741595951
0.14  0.12019219986124809
0.15  0.12946422648050804
0.16  0.0953335728573157
0.17  0.04897923863543764
0.18  0.019413288610582728
0.19  0.008880730662897497
0.2  0.007721773906598193
0.21  0.009534339871536842
0.22  0.012350400891461973
0.23  0.015881472643655428
0.24  0.020186364292508065
0.25  0.02537374306038693
0.26  0.031561989266156984
0.27  0.03887142512728974
0.28  0.04741438103621332
0.29  0.057278325315771726
0.3  0.06850091325671158
0.31  0.08103799143471167
0.32  0.09472852638313023
0.33  0.10926361821829832
0.34  0.12416914839798454
0.35000000000000003  0.13881195853892267
0.36  0.15243681676987766
0.37  0.16423565598451884
0.38  0.1734426557338127
0.39  0.17944074096710888
0.4  0.1818595515951558
0.41000000000000003  0.1806440803251022
0.42  0.17607789345491975
0.43  0.16875429069151274
0.44  0.1595004899140465
0.45  0.14927072374850348
0.46  0.13903109947388137
0.47000000000000003  0.12966048542770128
0.48  0.12188729797406493
0.49  0.11627273846867553
0.5  0.11323817396029029
0.51  0.11311978066246844
0.52  0.11622018346346429
0.53  0.12281961872335344
0.54  0.1331149153082268
0.55  0.1470787246069495
0.56  0.1642720334648686
0.5700000000000001  0.1836859340941656
0.58  0.20370943619055015
0.59  0.22229602408887317
0.6  0.23732924159750216
0.61  0.2470934198417553
0.62  0.25068810587596924
0.63  0.24822677380254568
0.64  0.2407399700163744
0.65  0.2298233788161425
0.66  0.21717095744409604
0.67  0.20416355086300256
0.68  0.19163659357318377
0.6900000000000001  0.17986031488375703
0.7000000000000001  0.16868211548779932
0.71  0.1577390290829519
0.72  0.14665431184952105
0.73  0.13516792364626692
0.74  0.12319062855656247
0.75  0.11079823142085012
0.76  0.09819170387584451
0.77  0.08564562662141649
0.78  0.07345915287063769
0.79  0.06191615536070925
0.8  0.05125649928062834
0.81  0.04165819775431388
0.8200000000000001  0.03322940956683623
0.8300000000000001  0.026008884880060316
0.84  0.01997313733881529
0.85  0.015048307406188994
0.86  0.011124521936346474
0.87  0.00807065693779204
0.88  0.005747779200232673
0.89  0.004020092709729886
0.9  0.0027628212512111005
0.91  0.0018670012088560974
0.92  0.0012415596712960146
0.93  0.0008132829076707576
0.9400000000000001  0.0005253514733282033
0.9500000000000001  0.000335069365685536
0.96  0.00021129403420796413
0.97  0.00013192620351655613
0.98  8.167662569947697e-05
0.99  5.0210659433853086e-05
