0.0  0.07910496241498712
0.01  0.0831339593863846
0.02  0.08590187983562918
0.03  0.0872722830192981
0.04  0.08717650885406936
0.05  0.08561937930295921
0.06  0.0826787960181
0.07  0.07849928098123815
0.08  0.07328020580151297
0.09  0.06726004418968595
0.1  0.06069837755741995
0.11  0.053857536391241634
0.12  0.04698566207331605
0.13  0.040302657569764234
0.14  0.03399002505988837
0.15  0.02818504622325374
0.16  0.02297923065758874
0.17  0.01842051143483372
0.18  0.01451835294166963
0.19  0.011250776109220907
0.2  0.008572294467951049
0.21  0.006421864627147895
0.22  0.004730147440990227
0.23  0.0034256080953960597
0.24  0.002439215330296281
0.25  0.0017077019404941887
0.26  0.0011755022626358544
0.27  0.0007955808727529067
0.28  0.0005294130759255347
0.29  0.00034638131808686256
0.3  0.00022282490178058778
0.31  0.00014093616619399724
0.32  8.76457071915346e-05
0.33  5.359056208577722e-05
0.34  3.221776735904908e-05
0.35000000000000003  1.904373092997232e-05
0.36  1.1067718365561805e-05
0.37  6.32431754785986e-06
0.38  3.5532059970566557e-06
0.39  1.963065212985311e-06
0.4  1.0703478991445777e-06
0.41000000000000003  6.223335587233976e-07
0.42  8.222917298319868e-07
0.43  4.283494806341383e-06
0.44  2.6127403239597176e-05
0.45  0.00013144228803142657
0.46  0.0005300550583599092
0.47000000000000003  0.0017095929816410731
0.48  0.004409219270636406
0.49  0.009093227009086628
0.5  0.014995481541812097
0.51  0.019773731772573706
0.52  0.02084983732890264
0.53  0.017579339491134334
0.54  0.011851914969591187
0.55  0.006389428385649641
0.56  0.0027544359113629525
0.5700000000000001  0.0009496832858562944
0.58  0.000262331731047801
0.59  5.919700716452436e-05
0.6  1.364294019429925e-05
0.61  9.113301055280027e-06
0.62  1.653201426331121e-05
0.63  3.368940501110184e-05
0.64  6.685577434015106e-05
0.65  0.0001280992465553801
0.66  0.00023690174369037255
0.67  0.00042296468974967064
0.68  0.0007298338272920137
0.6900000000000001  0.0012218126993342737
0.7000000000000001  0.0020060052236193938
0.71  0.0033019084013187613
0.72  0.005599373636391953
0.73  0.00984883465793697
0.74  0.017348911052929746
0.75  0.028833000582140722
0.76  0.0429385591854847
0.77  0.05565481861520153
0.78  0.06236461574922848
0.79  0.061310736691965545
0.8  0.05491602492943781
0.81  0.04746425046547066
0.8200000000000001  0.041810276073092276
0.8300000000000001  0.03827366957144586
0.84  0.03575921823978809
0.85  0.033180874379828786
0.86  0.030040906977893068
0.87  0.026336006421606262
0.88  0.022300789349644717
0.89  0.01822826256480013
0.9  0.01438025307379404
0.91  0.010948986332724684
0.92  0.00804574000748032
0.93  0.005706142360521755
0.9400000000000001  0.003905743520723769
0.9500000000000001  0.002580176102987128
0.96  0.0016450514495619589
0.97  0.0010122647899962083
0.98  0.0006011644430833268
0.99  0.0003445695925146957
