0.0  0.20002780300081124
0.01  0.2642799843389224
0.02  0.30597938180807877
0.03  0.310438806479061
0.04  0.27600771926102785
0.05  0.21505230689862068
0.06  0.14685923409380788
0.07  0.08799558302433576
0.08  0.04762696172915571
0.09  0.03775816520118029
0.1  0.10541046652911229
0.11  0.29114403487078266
0.12  0.433411317882871
0.13  0.3282525268475028
0.14  0.12810707000672847
0.15  0.030713290386636977
0.16  0.013082603941962603
0.17  0.01620757191210438
0.18  0.023462214536637768
0.19  0.03346600591850188
0.2  0.0467319735982075
0.21  0.06387825283598472
0.22  0.0854722417334807
0.23  0.1119795819291416
0.24  0.14462299296422254
0.25  0.19613500142282247
0.26  0.3108733758479806
0.27  0.45650315979008005
0.28  0.46689903527852417
0.29  0.4084936685137626
0.3  0.413781280097424
0.31  0.45172455604299444
0.32  0.4888536404302919
0.33  0.518428892641094
0.34  0.5385859332143185
0.35000000000000003  0.548225402592757
0.36  0.5469031467011205
0.37  0.5348676823046539
0.38  0.5130283802278404
0.39  0.48285565138369896
0.4  0.44622799135076435
0.41000000000000003  0.405247789113998
0.42  0.3620508700817376
0.43  0.3186335302619073
0.44  0.2767158926932428
0.45  0.23765303222466133
0.46  0.20239707291801465
0.47000000000000003  0.17150593068503944
0.48  0.1451887557725632
0.49  0.12337506778097224
0.5  0.10579411280459984
0.51  0.09205265419139236
0.52  0.08170247834359054
0.53  0.07429251417708725
0.54  0.06940389279896815
0.55  0.06666900041230507
0.56  0.06577735588701504
0.5700000000000001  0.06647196815854337
0.58  0.06853986221378812
0.59  0.07179995822949337
0.6  0.07609071097934753
0.61  0.08125908889535023
0.62  0.08715174783089306
0.63  0.0936087132105775
0.64  0.10045954243456919
0.65  0.10752176973724635
0.66  0.11460138727384137
0.67  0.12149513219611299
0.68  0.12799437985943918
0.6900000000000001  0.1338904524474034
0.7000000000000001  0.1389811220741735
0.71  0.1430780169160678
0.72  0.14601454187219867
0.73  0.147653826237404
0.74  0.14789614116810185
0.75  0.14668522365152406
0.76  0.14401303580855848
0.77  0.13992271097072712
0.78  0.13450981665516437
0.79  0.12792260729041294
0.8  0.12036261350418917
0.81  0.112087607175928
0.8200000000000001  0.10341944984521459
0.8300000000000001  0.09475916833437682
0.84  0.08661025747166282
0.85  0.07960814794609905
0.86  0.07454878949327359
0.87  0.07240296052369306
0.88  0.07429699844456979
0.89  0.08143818646461648
0.9  0.09496769068916303
0.91  0.11573849061344944
0.92  0.1440400144043361
0.93  0.17932033070182476
0.9400000000000001  0.21998109966461266
0.9500000000000001  0.2633279829836425
0.96  0.3057402167929033
0.97  0.343075913738086
0.98  0.3712641994323944
0.99  0.3869715780602956
