0.0  0.00014189697615827015
0.01  0.00017785830642072544
0.02  0.0002195682624029676
0.03  0.000266968104449609
0.04  0.0003197007029767671
0.05  0.00037707019455615484
0.06  0.00043802128943516434
0.07  0.0005011441142142854
0.08  0.0005647086619783639
0.09  0.0006267304777210518
0.1  0.0006851652449580708
0.11  0.0007475353335197177
0.12  0.000992403021099195
0.13  0.0017543872325945582
0.14  0.0017264049725668226
0.15  0.0010286526692801989
0.16  0.0008565751515318725
0.17  0.0008343807505317965
0.18  0.0008074854349403314
0.19  0.0007697236804820155
0.2  0.0007226524320860816
0.21  0.0006682184921186193
0.22  0.0006085579123616682
0.23  0.0005458581125476633
0.24  0.00048222814546380834
0.25  0.00041959148541232316
0.26  0.0003596388133073711
0.27  0.000304002911995115
0.28  0.00025521532806847943
0.29  0.00021952756967133063
0.3  0.00021148438801721662
0.31  0.0002540595307732171
0.32  0.0003619093955016767
0.33  0.0005091063470531475
0.34  0.0006190372974169044
0.35000000000000003  0.0006140365005099382
0.36  0.00048681593672902663
0.37  0.0003072373003816005
0.38  0.0001555863195488172
0.39  6.50520595050634e-05
0.4  2.424690912550627e-05
0.41000000000000003  9.441095494275492e-06
0.42  4.527039764910844e-06
0.43  2.64184400682843e-06
0.44  1.668807846540787e-06
0.45  1.0650619257149795e-06
0.46  6.72784531928835e-07
0.47000000000000003  4.1888966702667775e-07
0.48  2.56921397824357e-07
0.49  1.5525813288572054e-07
0.5  9.251785928393901e-08
0.51  5.451810062956757e-08
0.52  3.2066642157563286e-08
0.53  1.9388842378234915e-08
0.54  1.30567813091624e-08
0.55  1.1315552148142787e-08
0.56  1.3735515776167496e-08
0.5700000000000001  2.115639875889379e-08
0.58  3.5929167460991594e-08
0.59  6.250466349047278e-08
0.6  1.0846360429042723e-07
0.61  1.8612855156062959e-07
0.62  3.149395342491294e-07
0.63  5.248017098265409e-07
0.64  8.606118936772585e-07
0.65  1.3881240737059159e-06
0.66  2.2012057173718675e-06
0.67  3.4303565719858853e-06
0.68  5.25211292307903e-06
0.6900000000000001  7.898665761975947e-06
0.7000000000000001  1.1666726425360853e-05
0.71  1.6927188125956723e-05
0.72  2.5735874556079455e-05
0.73  0.00014972210722529193
0.74  0.0010550267273999937
0.75  0.0011291417113944904
0.76  0.00022054340936709347
0.77  0.00011137751123078873
0.78  0.00014069491597920998
0.79  0.00017846401323816046
0.8  0.00022306499449737318
0.81  0.0002748533779345961
0.8200000000000001  0.0003339848432610769
0.8300000000000001  0.00040035335490247584
0.84  0.0004735330371862518
0.85  0.0005527251804617415
0.86  0.0006367178733027181
0.87  0.0007238671045827952
0.88  0.0008121081843363943
0.89  0.000899004569982134
0.9  0.0009818376004183719
0.91  0.0010577356195240089
0.92  0.0011238352846478213
0.93  0.0011774625036457087
0.9400000000000001  0.0012163164295529432
0.9500000000000001  0.001238638051556674
0.96  0.0012433455598733678
0.97  0.0012301217837386584
0.98  0.0011994441362560087
0.99  0.0011525538645184282
