0.0  0.0009731103874142328
0.01  0.001430606046467025
0.02  0.002079838710592715
0.03  0.002990135789411721
0.04  0.004251124442772137
0.05  0.005976795251490131
0.06  0.008309685584233277
0.07  0.011424901326397374
0.08  0.015533594980230839
0.09  0.020885416945748147
0.1  0.027769366686368126
0.11  0.036512406165536006
0.12  0.04747517623418991
0.13  0.06104419490888664
0.14  0.0776200303471641
0.15  0.09760114197648077
0.16  0.12136337440841401
0.17  0.1492354640048154
0.18  0.18147135851132984
0.19  0.21822062417874316
0.2  0.25949867816856964
0.21  0.30515898337688535
0.22  0.3548696203413443
0.23  0.40809675121737093
0.24  0.4640973686998459
0.25  0.5219233511066766
0.26  0.5804382214265912
0.27  0.6383471601385574
0.28  0.6942398066173893
0.29  0.7466442868594132
0.3  0.7940898310166101
0.31  0.8351744067628897
0.32  0.8686331033498065
0.33  0.8934026472666405
0.34  0.9086774731887052
0.35000000000000003  0.9139532318955441
0.36  0.9090544630184287
0.37  0.8941443234990047
0.38  0.8697156341085046
0.39  0.8365639531241023
0.4  0.7957447660458974
0.41000000000000003  0.7485180585972415
0.42  0.6962844060739447
0.43  0.6405171897941384
0.44  0.5826956080229886
0.45  0.524242795576275
0.46  0.466472655034957
0.47000000000000003  0.41054801735104524
0.48  0.357451599598652
0.49  0.3079722249463105
0.5  0.26315378205109086
0.51  0.24519151797302977
0.52  0.4634281609790387
0.53  0.9485114053245848
0.54  0.6719632291279808
0.55  0.19617390197686563
0.56  0.09336580240589956
0.5700000000000001  0.07646815600713931
0.58  0.06646424309899833
0.59  0.059479009659096464
0.6  0.054955081487930664
0.61  0.05234691871046729
0.62  0.05110703161919033
0.63  0.05070730370047373
0.64  0.05066230583794122
0.65  0.050552507402491974
0.66  0.05004464864825438
0.67  0.048906378917160966
0.68  0.04701275197499617
0.6900000000000001  0.04434323606744402
0.7000000000000001  0.04096932539288135
0.71  0.03703431936777791
0.72  0.032728039985275875
0.73  0.028259930550592862
0.74  0.023834000283902857
0.75  0.019628485533793146
0.76  0.015782062994952425
0.77  0.012387227356548259
0.78  0.009490298681493805
0.79  0.007096662065699898
0.8  0.005179376809005343
0.81  0.0036892327185540693
0.8200000000000001  0.002564599597288763
0.8300000000000001  0.0017398851495956404
0.84  0.0011519497980935938
0.85  0.0007443108777644031
0.86  0.000469331754508649
0.87  0.000288807162211293
0.88  0.00017343497794887418
0.89  0.00010164004084131528
0.9  5.812880885628518e-05
0.91  3.244260932037285e-05
0.92  1.7670035347053913e-05
0.93  9.391956310420181e-06
0.9400000000000001  4.871599709027293e-06
0.9500000000000001  2.4659488140624435e-06
0.96  1.2181300431997082e-06
0.97  5.872199048301348e-07
0.98  2.762523516650595e-07
0.99  1.268265354884986e-07
