0.0  0.14020800659080088
0.01  0.17864745324187364
0.02  0.22649367913666565
0.03  0.28868958708871995
0.04  0.36965037537861034
0.05  0.4623086433056985
0.06  0.5467289799935078
0.07  0.6131652534576495
0.08  0.6750105454326613
0.09  0.7475686721992942
0.1  0.8310691085798858
0.11  0.9179089282502819
0.12  1.001960925075178
0.13  1.0796471521370579
0.14  1.1485162916129525
0.15  1.2066276247481467
0.16  1.2525026243180142
0.17  1.2851802775806669
0.18  1.3042470546841143
0.19  1.3098239131490161
0.2  1.3025131364597553
0.21  1.2833135551949815
0.22  1.2535159502336564
0.23  1.2145921263273871
0.24  1.1680918797875814
0.25  1.1155634584264245
0.26  1.058517769823713
0.27  0.998466815317873
0.28  0.9370798027179261
0.29  0.8764997433260728
0.3  0.8198132404693962
0.31  0.7715254673574853
0.32  0.7376668787347116
0.33  0.7249755231958712
0.34  0.7387203420297657
0.35000000000000003  0.779388388867017
0.36  0.8395298161620279
0.37  0.9028575652964825
0.38  0.9473074998602764
0.39  0.9518501963977072
0.4  0.9043510591017055
0.41000000000000003  0.8065238221480446
0.42  0.6732529062409
0.43  0.5266652066016022
0.44  0.3881700027496994
0.45  0.27233816885739986
0.46  0.1848062105876441
0.47000000000000003  0.12388072626157903
0.48  0.08391220842301461
0.49  0.0584480627753864
0.5  0.04211949171452164
0.51  0.03123348907981408
0.52  0.023569876562033024
0.53  0.017910274410052916
0.54  0.013615718975233043
0.55  0.010362271934412774
0.56  0.008036785977491344
0.5700000000000001  0.006777321592265424
0.58  0.007164315379711556
0.59  0.010574709520901714
0.6  0.019653914197392708
0.61  0.03981330691765911
0.62  0.12726078702723267
0.63  0.5993407213403833
0.64  0.972923755915425
0.65  0.5459326960567327
0.66  0.4462546876560309
0.67  0.544663494446747
0.68  0.6269298324605047
0.6900000000000001  0.6612798993210213
0.7000000000000001  0.6390070919395
0.71  0.5656830282537573
0.72  0.45875892777836397
0.73  0.3408303304839794
0.74  0.23197089898377513
0.75  0.14463388225096302
0.76  0.0826129055884453
0.77  0.04322823212004501
0.78  0.02072190725914889
0.79  0.009099899274568925
0.8  0.0036609347998653808
0.81  0.001349286742823423
0.8200000000000001  0.0004556083617717803
0.8300000000000001  0.00014096034295925966
0.84  3.99691662658172e-05
0.85  1.0393225336942919e-05
0.86  2.482742011247657e-06
0.87  5.476287237406004e-07
0.88  1.1327871373188724e-07
0.89  2.302029150518783e-08
0.9  5.173942737046762e-09
0.91  1.536248520101015e-09
0.92  6.287486145212845e-10
0.93  3.077514567557556e-10
0.9400000000000001  1.594463288159694e-10
0.9500000000000001  8.33381265362367e-11
0.96  4.334642334404994e-11
0.97  2.2361415201347542e-11
0.98  1.1433119122211664e-11
0.99  5.792764293839632e-12
