0.0  0.007664896444250122
0.01  0.010709425623908364
0.02  0.014781624137269635
0.03  0.02015461242055682
0.04  0.027147114796848667
0.05  0.036121966337690964
0.06  0.04748115366482814
0.07  0.06165690872245715
0.08  0.07909901610690045
0.09  0.10025977328161023
0.1  0.12558027897083204
0.11  0.15548513061442876
0.12  0.19039686021152694
0.13  0.23078492782338977
0.14  0.27726316257527384
0.15  0.3307384282702586
0.16  0.3925861040257951
0.17  0.4647836793894479
0.18  0.5498832846737717
0.19  0.6506749835394574
0.2  0.7694248397174398
0.21  0.9066970422322008
0.22  1.0599808565719797
0.23  1.2225710145858066
0.24  1.3832700542550014
0.25  1.5273699011065762
0.26  1.638990137176407
0.27  1.7043110543856193
0.28  1.7147772904344207
0.29  1.6692139532835721
0.3  1.5741078421280124
0.31  1.4419535286007754
0.32  1.2882572295659664
0.33  1.128214661100656
0.34  0.9740642388154803
0.35000000000000003  0.8337229120039646
0.36  0.71076712887179
0.37  0.6053808348194534
0.38  0.5157061132317251
0.39  0.4390991367196757
0.4  0.37300619013262276
0.41000000000000003  0.3154002501970936
0.42  0.2648704503639191
0.43  0.2205121316615241
0.44  0.18174863936346472
0.45  0.14816778243015702
0.46  0.11940796342197067
0.47000000000000003  0.09509670914395701
0.48  0.07482921506859747
0.49  0.05817137752008129
0.5  0.04467451261557397
0.51  0.03389325223041631
0.52  0.02540185714059667
0.53  0.018806793734145236
0.54  0.013754994640381166
0.55  0.009938073339117998
0.56  0.007093163673391288
0.5700000000000001  0.005001194490836765
0.58  0.003483401023368354
0.59  0.0023967855118204777
0.6  0.001629111577873788
0.61  0.0010938769043563495
0.62  0.0007255745463837708
0.63  0.00047543547994341635
0.64  0.00030774931928741135
0.65  0.00019678798413451279
0.66  0.00012430712327679374
0.67  7.756921895964716e-05
0.68  4.78166101263767e-05
0.6900000000000001  2.9118172422664526e-05
0.7000000000000001  1.7516422248472355e-05
0.71  1.0409327228911443e-05
0.72  6.110769188314415e-06
0.73  3.543766206048516e-06
0.74  2.0301597245960533e-06
0.75  1.1489240394564652e-06
0.76  6.423154795547174e-07
0.77  3.5473286275387484e-07
0.78  1.9353094724990408e-07
0.79  1.0430265997257315e-07
0.8  5.5531104203973524e-08
0.81  2.9206075102500116e-08
0.8200000000000001  1.5174208575773777e-08
0.8300000000000001  7.78816154898068e-09
0.84  3.9627957573340595e-09
0.85  3.2174938764466394e-08
0.86  1.5537362899545928e-05
0.87  0.0019129179782027697
0.88  0.05636438598989189
0.89  0.3974436575100342
0.9  0.6706695930360139
0.91  0.27083445674445444
0.92  0.026173480011182096
0.93  0.0006053147835391155
0.9400000000000001  3.350145211081885e-06
0.9500000000000001  4.438190037971264e-09
0.96  1.846001614494959e-12
0.97  1.9026459989301223e-13
0.98  8.126109918507308e-14
0.99  3.430416950514675e-14
