0.0  0.07928690515911223
0.01  0.0926137831036315
0.02  0.10650401861287283
0.03  0.12057924959144321
0.04  0.1343987935736043
0.05  0.14748042332152703
0.06  0.15932707836246726
0.07  0.16945758816914555
0.08  0.1774388283754242
0.09  0.18291634427124487
0.1  0.1856404346743288
0.11  0.18548502455903926
0.12  0.1824573398692749
0.13  0.17669735044925114
0.14  0.16846704090705966
0.15  0.15813065489172534
0.16  0.14612798749783237
0.17  0.13294345107274902
0.18  0.11907393486060035
0.19  0.10499839825050031
0.2  0.09115171710264569
0.21  0.07790462586035936
0.22  0.06555077788965186
0.23  0.054301104720336765
0.24  0.04428490242172646
0.25  0.03555649394515043
0.26  0.02810595722925163
0.27  0.021872279299551232
0.28  0.016757372228446765
0.29  0.012639619551516938
0.3  0.009385951356013847
0.31  0.006861811888257949
0.32  0.004938732788070221
0.33  0.0034995198694497865
0.34  0.0024412801249768363
0.35000000000000003  0.001676652252223839
0.36  0.0011336647588844316
0.37  0.0007546449839467401
0.38  0.0004945583371399917
0.39  0.00031908798048395197
0.4  0.0002026868477594545
0.41000000000000003  0.0001267582231620588
0.42  7.805571810602854e-05
0.43  4.734215812420185e-05
0.44  2.8310340338037004e-05
0.45  1.674551485719348e-05
0.46  9.897334021090555e-06
0.47000000000000003  6.0250924412400205e-06
0.48  4.081696456528207e-06
0.49  3.506752726079735e-06
0.5  4.105809535482537e-06
0.51  6.000012125526373e-06
0.52  9.637564904142083e-06
0.53  1.5865033930786804e-05
0.54  2.6062410986765035e-05
0.55  4.2350727248754754e-05
0.56  6.788445974466094e-05
0.5700000000000001  0.0001072424283921183
0.58  0.00016692952181784746
0.59  0.0002559964182432329
0.6  0.000386774422951862
0.61  0.0005757067172967988
0.62  0.0008442352528594328
0.63  0.0012196746030450924
0.64  0.0017359718944786574
0.65  0.0024342186142434657
0.66  0.003362750451629972
0.67  0.004576651765275648
0.68  0.006136479172954235
0.6900000000000001  0.008106041590905595
0.7000000000000001  0.010549127899148431
0.71  0.013525161351950494
0.72  0.017083880258977637
0.73  0.021259289679018262
0.74  0.02606328466607002
0.75  0.031479491772517874
0.76  0.03745798779641562
0.77  0.04391160816723265
0.78  0.05071453059330331
0.79  0.05770370202875375
0.8  0.06468350108502322
0.81  0.07143411762559805
0.8200000000000001  0.07772658676512562
0.8300000000000001  0.08336163205084547
0.84  0.0882993242305582
0.85  0.0930352254349394
0.86  0.0993179499863054
0.87  0.1106057858102116
0.88  0.13045234102647207
0.89  0.15773368103260588
0.9  0.1825862916320608
0.91  0.1904747669252283
0.92  0.17407806524909597
0.93  0.14042228873537943
0.9400000000000001  0.1043571883048264
0.9500000000000001  0.07651581422684527
0.96  0.05867785695865424
0.97  0.047563117940389636
0.98  0.039715623586303817
0.99  0.03328608345649502
