0.0  1.8585900168054735e-29
0.01  1.813230062890253e-28
0.02  1.6978961841522444e-27
0.03  1.5260131081657412e-26
0.04  1.3164194988957223e-25
0.05  1.0899818324301049e-24
0.06  8.662298046683618e-24
0.07  6.607480594796533e-23
0.08  4.837573545050058e-22
0.09  3.3994462232560515e-21
0.1  2.2928607531986508e-20
0.11  1.4843492462425054e-19
0.12  9.223238148183645e-19
0.13  5.500721523263056e-18
0.14  3.1487980390428735e-17
0.15  1.7300508330260878e-16
0.16  9.123507471557233e-16
0.17  4.617997682643139e-15
0.18  2.243543527169863e-14
0.19  1.0461746666961855e-13
0.2  4.682338526234339e-13
0.21  2.0114550409773735e-12
0.22  8.293670187899219e-12
0.23  3.282253366200505e-11
0.24  1.2467700307841725e-10
0.25  4.5455822116711076e-10
0.26  1.5906754918959305e-09
0.27  5.342721954160317e-09
0.28  1.722393854034022e-08
0.29  5.3295589653597966e-08
0.3  1.582847178503996e-07
0.31  4.5120677468033424e-07
0.32  1.234528577392151e-06
0.33  3.242019285325945e-06
0.34  8.171822989091954e-06
0.35000000000000003  1.9770207068962012e-05
0.36  4.590842524588847e-05
0.37  0.0001023204600364769
0.38  0.0002188877629816082
0.39  0.00044943758894173095
0.4  0.0008857399059752288
0.41000000000000003  0.001675451813602884
0.42  0.0030419115551620743
0.43  0.005300906375122217
0.44  0.008866303540159177
0.45  0.0142339018729463
0.46  0.02193280867165286
0.47000000000000003  0.03243795322384694
0.48  0.04604702183784361
0.49  0.0627391399332673
0.5  0.08204733616556374
0.51  0.10298626796212826
0.52  0.12407465202789605
0.53  0.14347483099889172
0.54  0.15924187711262616
0.55  0.16963980527364292
0.56  0.17345513156191386
0.5700000000000001  0.17022974579490452
0.58  0.1603513641773535
0.59  0.14497688957405694
0.6  0.12580960744457634
0.61  0.10478949492789326
0.62  0.08377425947344322
0.63  0.06428244086410763
0.64  0.04734379131381638
0.65  0.03346745072995632
0.66  0.02270759914113433
0.67  0.014787989356119902
0.68  0.009243536922023872
0.6900000000000001  0.005545850280759177
0.7000000000000001  0.0031941209143062756
0.71  0.001767123259508784
0.72  0.0009423003696758173
0.73  0.0004928649835723104
0.74  0.00027446442247674075
0.75  0.00021113115758859238
0.76  0.0002877431114573657
0.77  0.0005540477445162688
0.78  0.0011434718254363502
0.79  0.002307617176856962
0.8  0.00446333247520787
0.81  0.008242753360282795
0.8200000000000001  0.014528290203621948
0.8300000000000001  0.024446934900203596
0.84  0.03929620471364548
0.85  0.06038266474199318
0.86  0.08877565397733048
0.87  0.12501001979637666
0.88  0.16880188143242347
0.89  0.21885655935787854
0.9  0.27283699337962486
0.91  0.32752389696777073
0.92  0.3791481315104851
0.93  0.42383153098027454
0.9400000000000001  0.4580517314003735
0.9500000000000001  0.4790538520346191
0.96  0.4851572149273414
0.97  0.47593210544244735
0.98  0.45223815724064703
0.99  0.4161224020718851
