0.0  0.003286789323233087
0.01  0.00437623345109109
0.02  0.005781085136868769
0.03  0.007641565885785201
0.04  0.01025933473020039
0.05  0.01427809050377969
0.06  0.020957622515840005
0.07  0.03246223486534158
0.08  0.05193294802820486
0.09  0.08297919529388662
0.1  0.128296728035052
0.11  0.18756805410163496
0.12  0.25554072711980785
0.13  0.32169755956450474
0.14  0.3725615179325601
0.15  0.39625343038004673
0.16  0.387252944460707
0.17  0.3487491247457509
0.18  0.2911950982112338
0.19  0.22793167767136938
0.2  0.17035191665915794
0.21  0.12494418413678884
0.22  0.09303426969628373
0.23  0.07245124992325457
0.24  0.05969165083172382
0.25  0.051511535371609005
0.26  0.045623152318594644
0.27  0.04071795428388827
0.28  0.03619146408549974
0.29  0.03184199147422722
0.3  0.027655768293513405
0.31  0.023686207047787976
0.32  0.019997230756869232
0.33  0.01664092415410423
0.34  0.013650988044407451
0.35000000000000003  0.011042974299898645
0.36  0.00881757454583282
0.37  0.006965579556743629
0.38  0.005474017951511995
0.39  0.004333273472417312
0.4  0.003544994507518221
0.41000000000000003  0.0031304153373565616
0.42  0.0031382997056077747
0.43  0.003651117702470283
0.44  0.004787393199392031
0.45  0.0066976497036718785
0.46  0.00955137882572633
0.47000000000000003  0.013513315659751796
0.48  0.018709252014851522
0.49  0.025184558217480717
0.5  0.032861974720520506
0.51  0.04150809373235121
0.52  0.05071908620039411
0.53  0.05993496792830123
0.54  0.0684932640718336
0.55  0.07579307517779973
0.56  0.08205640252215679
0.5700000000000001  0.09142960847727588
0.58  0.11871034887811063
0.59  0.1889235822285134
0.6  0.3048019204015812
0.61  0.4037087278383115
0.62  0.3984167729126441
0.63  0.28651763523284385
0.64  0.1546479778668064
0.65  0.06996791907269981
0.66  0.033141005733003714
0.67  0.019398890146193132
0.68  0.013031360965792951
0.6900000000000001  0.009002505007167127
0.7000000000000001  0.006290579114759763
0.71  0.004767600276164854
0.72  0.004563645385954292
0.73  0.006070931479538232
0.74  0.010020651685377703
0.75  0.01750138506863781
0.76  0.029844402191398403
0.77  0.04831635863871921
0.78  0.07361626031521089
0.79  0.1052782458665127
0.8  0.14119745661498936
0.81  0.17755093931906932
0.8200000000000001  0.20930956682361393
0.8300000000000001  0.23131959237957872
0.84  0.239656140938165
0.85  0.23276406210532866
0.86  0.21193073060529627
0.87  0.18089325154138197
0.88  0.14474418735798322
0.89  0.1085750911387977
0.9  0.07635009152788104
0.91  0.05033142248480986
0.92  0.031104206622858968
0.93  0.01801977364653157
0.9400000000000001  0.009786554377050947
0.9500000000000001  0.004982652211688665
0.96  0.002378162979883457
0.97  0.0010640766979045308
0.98  0.00044632840801637694
0.99  0.00017550375201782478
