0.0  0.0009307837787419131
0.01  0.0013096026493587707
0.02  0.0018244070765155403
0.03  0.002516848162872511
0.04  0.003438824240002416
0.05  0.004654209778430977
0.06  0.00624062000325636
0.07  0.008291089322498172
0.08  0.010915473658232765
0.09  0.014241299217973409
0.1  0.01841367871928235
0.11  0.02359381518069716
0.12  0.029955538730789794
0.13  0.037679309378662554
0.14  0.04694320957729553
0.15  0.057910681320640346
0.16  0.07071515146000389
0.17  0.08544222040142989
0.18  0.10211070361416803
0.19  0.12065440776171263
0.2  0.14090695782846954
0.21  0.1625921297274396
0.22  0.18532188156414434
0.23  0.2086035864150943
0.24  0.23185691794428204
0.25  0.25443959155029783
0.26  0.2756799479187796
0.27  0.2949134239742443
0.28  0.3115194770515616
0.29  0.32495559560593745
0.3  0.33478559981964906
0.31  0.3407003505382969
0.32  0.3425300226746901
0.33  0.34024803821646105
0.34  0.3339674351507066
0.35000000000000003  0.32393081152715575
0.36  0.3104950683016966
0.37  0.2941120901481697
0.38  0.27530638129565815
0.39  0.2546506196762744
0.4  0.23274016014170915
0.41000000000000003  0.21016770586119365
0.42  0.18749964785113027
0.43  0.16525592399900452
0.44  0.1438956691078254
0.45  0.12381138659915221
0.46  0.10533467143961894
0.47000000000000003  0.08875607641178784
0.48  0.0743594694117671
0.49  0.062465898573858925
0.5  0.053473085799235535
0.51  0.04786618425592549
0.52  0.04616912856803847
0.53  0.04881250378689727
0.54  0.05592047531267075
0.55  0.06706399442971088
0.56  0.08107352100630179
0.5700000000000001  0.0960233563296736
0.58  0.10946572561175825
0.59  0.11890376921775554
0.6  0.12238135245257963
0.61  0.11899104563899497
0.62  0.10910885456745534
0.63  0.09426265332062195
0.64  0.07668619233094884
0.65  0.05872958048957061
0.66  0.04233339493974421
0.67  0.02871830593615926
0.68  0.018334797198988527
0.6900000000000001  0.011016764081635901
0.7000000000000001  0.006230800177090449
0.71  0.0033177436243550635
0.72  0.0016638840896908325
0.73  0.0007864756884312442
0.74  0.00035080135031464023
0.75  0.0001479816562618867
0.76  5.927550138881612e-05
0.77  2.271353912638932e-05
0.78  8.438812326242428e-06
0.79  3.110974149512454e-06
0.8  1.178257928598703e-06
0.81  4.772991800329669e-07
0.8200000000000001  2.1241973158916964e-07
0.8300000000000001  1.0350591502720549e-07
0.84  5.373933061048746e-08
0.85  2.8837298225589174e-08
0.86  1.5652400538249318e-08
0.87  8.490837301656582e-09
0.88  4.576581942242001e-09
0.89  2.444789996808258e-09
0.9  1.2929767542217477e-09
0.91  6.767118621829221e-10
0.92  3.5043330621420884e-10
0.93  1.795401172450417e-10
0.9400000000000001  9.100255246043968e-11
0.9500000000000001  4.5631942689436356e-11
0.96  2.2635900223998494e-11
0.97  1.1107894750186006e-11
0.98  5.392173765004159e-12
0.99  2.5893343255101934e-12
