0.0  0.09306288807091817
0.01  0.09958739185254309
0.02  0.10473063338360872
0.03  0.10814869676707387
0.04  0.1095975890949718
0.05  0.10896427557302715
0.06  0.10628178831519744
0.07  0.10172557156494107
0.08  0.09559170381078762
0.09  0.08826096421310148
0.1  0.08015509829122675
0.11  0.07169256856536904
0.12  0.06325043924450756
0.13  0.055137138643158404
0.14  0.047578254137458434
0.15  0.040714919149906714
0.16  0.03461232214040569
0.17  0.02927473620435632
0.18  0.024663285245748207
0.19  0.020713244520270853
0.2  0.017348702787694542
0.21  0.014493554910543478
0.22  0.012078781876360564
0.23  0.010046657887882615
0.24  0.00835286224344399
0.25  0.006967510098869435
0.26  0.005875933989091227
0.27  0.005079734637592247
0.28  0.004598246251455782
0.29  0.004470179350982852
0.3  0.0047548530109559955
0.31  0.005532149739620371
0.32  0.006900172659189598
0.33  0.008969618748696867
0.34  0.011854162166164682
0.35000000000000003  0.01565669758346317
0.36  0.02045209719107052
0.37  0.026268080935178264
0.38  0.03306670382716797
0.39  0.04072959249390022
0.4  0.049050185787033976
0.41000000000000003  0.057735696838703575
0.42  0.06642047537878763
0.43  0.0747604866436926
0.44  0.08659316258448811
0.45  0.1317321130788577
0.46  0.15773008463787352
0.47000000000000003  0.11047766263042322
0.48  0.09680509082609508
0.49  0.09499703645563037
0.5  0.09183084659921312
0.51  0.08702230042488958
0.52  0.08089814684336274
0.53  0.07385628760918587
0.54  0.06633540563688776
0.55  0.05878806726953571
0.56  0.05165489274552321
0.5700000000000001  0.045338703576866896
0.58  0.04017693184633533
0.59  0.036411492433531915
0.6  0.03415789920174832
0.61  0.03337898153334419
0.62  0.033871651738211814
0.63  0.03527592516398324
0.64  0.03711238509060387
0.65  0.03884745158794126
0.66  0.039976932526646754
0.67  0.04011063655302524
0.68  0.039037731035231664
0.6900000000000001  0.03675600575205353
0.7000000000000001  0.03345763241909589
0.71  0.029476207604287145
0.72  0.025210401068958235
0.73  0.021044683188209522
0.74  0.017285960838276968
0.75  0.014127841526098809
0.76  0.01164489171384426
0.77  0.009811184897051925
0.78  0.008533026080147221
0.79  0.007685536815414472
0.8  0.007145712002694996
0.81  0.00681867755525604
0.8200000000000001  0.006657203762600929
0.8300000000000001  0.006675614330019491
0.84  0.006957534767615793
0.85  0.007653162376989937
0.86  0.0089581763378846
0.87  0.011066575867280035
0.88  0.014096916176491059
0.89  0.0180058424911378
0.9  0.02251919790063849
0.91  0.027118979039336206
0.92  0.031113968674801585
0.93  0.03379125411412079
0.9400000000000001  0.03460666159073843
0.9500000000000001  0.033345534923978834
0.96  0.030189372643752217
0.97  0.02566045423234957
0.98  0.020467894957244846
0.99  0.015317427994622811
