0.0  0.5012458359306213
0.01  0.48723625561930384
0.02  0.31112026146629224
0.03  0.1306828077449349
0.04  0.03674477325493286
0.05  0.008893384356326745
0.06  0.007307497842457237
0.07  0.02186602206999245
0.08  0.10448013664097364
0.09  0.3424916614335075
0.1  0.506990573007456
0.11  0.3942961137514453
0.12  0.33508563713476364
0.13  0.4133222504011568
0.14  0.5140381033130179
0.15  0.5856062440260964
0.16  0.607823152443676
0.17  0.5747320988556294
0.18  0.4950800532385635
0.19  0.38852882809392025
0.2  0.27781695154938263
0.21  0.1810688709625918
0.22  0.10770339118213085
0.23  0.058731607375449926
0.24  0.029847088468828144
0.25  0.014978082322872016
0.26  0.008731317485216656
0.27  0.007365411550302644
0.28  0.008725789701194997
0.29  0.011747836933479855
0.3  0.01594289747870982
0.31  0.021032056885048563
0.32  0.026738685123851667
0.33  0.032699020298625564
0.34  0.03845126807476444
0.35000000000000003  0.043476290796024844
0.36  0.04726978238062005
0.37  0.049426203395653
0.38  0.04971377342907052
0.39  0.048122018246537376
0.4  0.04487041384742234
0.41000000000000003  0.040377241661356617
0.42  0.0351985963737796
0.43  0.02995493139603332
0.44  0.02526414733550861
0.45  0.021695773060874946
0.46  0.01975270774611578
0.47000000000000003  0.019884849169794803
0.48  0.022589073419583865
0.49  0.028892110432113618
0.5  0.04185273021210988
0.51  0.06835330909121277
0.52  0.11539164245288007
0.53  0.17642669784796508
0.54  0.22528253840644472
0.55  0.24068822457456235
0.56  0.23368597076645198
0.5700000000000001  0.2332511936694064
0.58  0.25437686640946444
0.59  0.2937890332974469
0.6  0.3442098188104672
0.61  0.4018516117161812
0.62  0.4657373184691561
0.63  0.5417436661037187
0.64  0.6956547636757885
0.65  1.0506691084146664
0.66  1.2798056382470033
0.67  1.0888541413241462
0.68  0.9601413063365101
0.6900000000000001  0.9944848159732851
0.7000000000000001  1.0558233376944797
0.71  1.108698198739389
0.72  1.1487469066943161
0.73  1.1739601275098905
0.74  1.1829415615715195
0.75  1.1750261105001245
0.76  1.1503979258164878
0.77  1.1101525088129476
0.78  1.0562875197518873
0.79  0.9916152631644071
0.8  0.9196006379571446
0.81  0.8441404850163234
0.8200000000000001  0.7693122097065215
0.8300000000000001  0.6991296388130324
0.84  0.6373499068790882
0.85  0.5873726660156673
0.86  0.5522558047885251
0.87  0.5348335099613051
0.88  0.5378617527508336
0.89  0.5640466831734343
0.9  0.6157682654994822
0.91  0.6943463775843178
0.92  0.7988510724221932
0.93  0.924721978214859
0.9400000000000001  1.0627384906779274
0.9500000000000001  1.199007499842408
0.96  1.3164555125327384
0.97  1.3978017954236175
0.98  1.4293232249460937
0.99  1.4042252332601235
