0.0  0.5475802382040734
0.01  0.5653372592712822
0.02  0.5553361501390237
0.03  0.5205793907938165
0.04  0.4678512128220867
0.05  0.40581743872343706
0.06  0.34286567611558155
0.07  0.2854057129137904
0.08  0.23706117920149183
0.09  0.1987781799193191
0.1  0.16955804706003783
0.11  0.1474034097994409
0.12  0.13013827644876708
0.13  0.11593050964231372
0.14  0.10350665800929928
0.15  0.09214507609501595
0.16  0.08155685694537948
0.17  0.07174103932283114
0.18  0.06286241450535841
0.19  0.05516806584758101
0.2  0.04893984631132418
0.21  0.044472623525706606
0.22  0.042067510916232224
0.23  0.042031335941351326
0.24  0.04467598599274425
0.25  0.05031324451394907
0.26  0.059242300840179264
0.27  0.071728536210842
0.28  0.08797365386770813
0.29  0.10807879122833049
0.3  0.13200384655925543
0.31  0.15952768718235005
0.32  0.19021493820397786
0.33  0.22339543068651088
0.34  0.2581619171685184
0.35000000000000003  0.2933902477857723
0.36  0.3277838993636876
0.37  0.35994179018613587
0.38  0.38844507860364524
0.39  0.41195562444061523
0.4  0.4293165036850135
0.41000000000000003  0.4396438520268295
0.42  0.44239964796170483
0.43  0.4374368738043601
0.44  0.42501159738883626
0.45  0.40576045301565483
0.46  0.38064616904560544
0.47000000000000003  0.35087755037345636
0.48  0.31781311244222754
0.49  0.28285899438476114
0.5  0.24737171043876072
0.51  0.2125748452984841
0.52  0.1794962937368164
0.53  0.14892956807248778
0.54  0.12141961101953708
0.55  0.09727114222247679
0.56  0.07657703366187259
0.5700000000000001  0.05926835543831052
0.58  0.04520244662520082
0.59  0.034337869847814
0.6  0.027089143543137687
0.61  0.02495420803642608
0.62  0.031332518133398546
0.63  0.05198299538129514
0.64  0.09399455967789691
0.65  0.16221127375985267
0.66  0.25365997097284865
0.67  0.3533006055653508
0.68  0.4357991651400853
0.6900000000000001  0.475133332502709
0.7000000000000001  0.45751948169761153
0.71  0.3889912490986681
0.72  0.2919789334915218
0.73  0.19347315852142952
0.74  0.11317169333761966
0.75  0.05843883131605776
0.76  0.026639016187102987
0.77  0.010720265720281563
0.78  0.003808943334137399
0.79  0.0011951154222549951
0.8  0.0003313242626922577
0.81  8.127182147516769e-05
0.8200000000000001  1.7707825555120462e-05
0.8300000000000001  3.467161889993706e-06
0.84  6.320712948328813e-07
0.85  1.1845656195705931e-07
0.86  2.7533546436756625e-08
0.87  8.896082376782081e-09
0.88  3.5616707739272394e-09
0.89  1.5268184333751235e-09
0.9  6.579077861091204e-10
0.91  2.799578786246428e-10
0.92  1.1717104031198595e-10
0.93  4.819493294982494e-11
0.9400000000000001  1.9479382937250388e-11
0.9500000000000001  7.73628091038629e-12
0.96  3.019055956556257e-12
0.97  1.1576887819862947e-12
0.98  4.3620857631716795e-13
0.99  1.6150214162155495e-13
