0.0  0.12157761042524295
0.01  0.14235546833130247
0.02  0.16505564750547821
0.03  0.18950815531017198
0.04  0.2154638455305719
0.05  0.24259423147270198
0.06  0.2704958171232191
0.07  0.2986994089538635
0.08  0.32668458662686206
0.09  0.35389916958055834
0.1  0.379783137687515
0.11  0.4037960722266008
0.12  0.42544680585704675
0.13  0.4443236360568045
0.14  0.4601231941479182
0.15  0.472675898304678
0.16  0.48196587761710047
0.17  0.48814335562546723
0.18  0.4915277439758531
0.19  0.4926001489646527
0.2  0.49198473919688934
0.21  0.4904198811478901
0.22  0.48872355133717676
0.23  0.4877670423851535
0.24  0.48849313013296497
0.25  0.49205358622216155
0.26  0.5001750967709843
0.27  0.5158102695077499
0.28  0.5438538888548468
0.29  0.5911657330258258
0.3  0.6647067206322002
0.31  0.7671153929002199
0.32  0.8911156486907108
0.33  1.016723396803407
0.34  1.1154826317128521
0.35000000000000003  1.1619035726788456
0.36  1.1461260937885451
0.37  1.0793428173438093
0.38  0.9880568985786402
0.39  0.9012723372621885
0.4  0.8390634470914529
0.41000000000000003  0.8085510242131053
0.42  0.8075692400969606
0.43  0.8320436279815865
0.44  0.8814290612186259
0.45  0.956775605729422
0.46  1.0501452317101216
0.47000000000000003  1.133803060904299
0.48  1.1645665522158852
0.49  1.1087457523996764
0.5  0.9696950417287692
0.51  0.7910050376311368
0.52  0.6306842260184273
0.53  0.5334871753975318
0.54  0.5326764112219698
0.55  0.6465399215423324
0.56  0.789557167110724
0.5700000000000001  0.7987034671366651
0.58  0.6857825491732134
0.59  0.5839120066999871
0.6  0.5186789183822769
0.61  0.45462211449052614
0.62  0.37965946644007303
0.63  0.2997372211500883
0.64  0.22346331835528907
0.65  0.15732313484739116
0.66  0.10464848628874504
0.67  0.06584581738122144
0.68  0.039269459064982276
0.6900000000000001  0.02227174893348978
0.7000000000000001  0.012076164776487312
0.71  0.006311877990199112
0.72  0.0032192989114755146
0.73  0.0016293667053237128
0.74  0.0008347953501354607
0.75  0.0004410602359030399
0.76  0.00024289649703271944
0.77  0.00013930133401682512
0.78  8.235566241090481e-05
0.79  4.952909965270734e-05
0.8  2.995271244437597e-05
0.81  1.806885475192336e-05
0.8200000000000001  1.0820441436609881e-05
0.8300000000000001  6.415653766903816e-06
0.84  3.7613934135399194e-06
0.85  2.1792244976846407e-06
0.86  1.2473348017664975e-06
0.87  7.052495013944972e-07
0.88  3.938777909157246e-07
0.89  2.1728584095114815e-07
0.9  1.1839940257578202e-07
0.91  6.372567022629705e-08
0.92  3.387859966603271e-08
0.93  1.7790256602718597e-08
0.9400000000000001  9.227507422396309e-09
0.9500000000000001  4.72750289070864e-09
0.96  2.3923473778129053e-09
0.97  1.1958083565266797e-09
0.98  5.903964372553545e-10
0.99  2.879191772208649e-10
