0.0  6.774139966392008e-14
0.01  2.2370282664681819e-13
0.02  7.336131595331984e-13
0.03  2.3738177751611524e-12
0.04  7.54320301590764e-12
0.05  2.3460471662641283e-11
0.06  7.124968603593287e-11
0.07  2.1096258835050133e-10
0.08  6.083238319520942e-10
0.09  1.7070690128821807e-09
0.1  4.659454701978427e-09
0.11  1.2366191156764104e-08
0.12  3.190427835651272e-08
0.13  8.000197657943459e-08
0.14  1.949573475321115e-07
0.15  4.616669451772638e-07
0.16  1.0622868714649716e-06
0.17  2.374978063769504e-06
0.18  5.159032291730573e-06
0.19  1.0888237657992042e-05
0.2  2.232647804746748e-05
0.21  4.44785621024689e-05
0.22  8.608853124377371e-05
0.23  0.0001618830016918657
0.24  0.0002957446655873266
0.25  0.0005249180229497741
0.26  0.0009051590344712793
0.27  0.0015164303454398463
0.28  0.0024968837218043295
0.29  0.00852000874388371
0.3  0.07278216065138612
0.31  0.09590821736366993
0.32  0.023171424704944637
0.33  0.018396800870708333
0.34  0.025039685096367774
0.35000000000000003  0.0333103972337599
0.36  0.04306071972261258
0.37  0.054096457777717086
0.38  0.0660535036196874
0.39  0.07840436972401929
0.4  0.0904937319992092
0.41000000000000003  0.10160384948991309
0.42  0.11104583691198142
0.43  0.11826841165885339
0.44  0.12297254854209641
0.45  0.12521723819804953
0.46  0.12549542306375785
0.47000000000000003  0.1247485711780241
0.48  0.12427834727768586
0.49  0.12551987399348205
0.5  0.12968235638563136
0.51  0.1373420560952759
0.52  0.1481544363586689
0.53  0.16086853088187966
0.54  0.17372402450424113
0.55  0.18511501547982848
0.56  0.19422995453751934
0.5700000000000001  0.20135681681710615
0.58  0.20771001988032617
0.59  0.2148829659543124
0.6  0.22419135154108494
0.61  0.23616357178125558
0.62  0.2503127298453508
0.63  0.2652093501747414
0.64  0.27882004178226905
0.65  0.28904144266862597
0.66  0.294287675455862
0.67  0.29391762893553836
0.68  0.288313905454084
0.6900000000000001  0.2785861589850619
0.7000000000000001  0.2660734068584552
0.71  0.25191393614571056
0.72  0.23687775403279313
0.73  0.22148902860473033
0.74  0.2063168531314656
0.75  0.19222425358039213
0.76  0.18032963888248738
0.77  0.17150940790491354
0.78  0.16557382227463072
0.79  0.16070522941174475
0.8  0.15389414486628328
0.81  0.14248767313329508
0.8200000000000001  0.12590444926609512
0.8300000000000001  0.10617237866856015
0.84  0.08683162088767071
0.85  0.07109905082550781
0.86  0.06063300234736977
0.87  0.05547469659712196
0.88  0.05474757084797813
0.89  0.05738417118963224
0.9  0.06249066568623145
0.91  0.06938306055682704
0.92  0.07748996248940376
0.93  0.08626247319036233
0.9400000000000001  0.0951351132223567
0.9500000000000001  0.10352960361212007
0.96  0.11088279665540135
0.97  0.11668467327757398
0.98  0.12051736881229344
0.99  0.1220888356493134
