0.0  0.00018232606554476882
0.01  0.00024899584228916887
0.02  0.0003357012852587368
0.03  0.00044682316568056595
0.04  0.0005871459453796567
0.05  0.0007617151034471309
0.06  0.0009756344371024632
0.07  0.0012338057619258429
0.08  0.0015406225677082545
0.09  0.0018996417996280583
0.1  0.0023132751029240717
0.11  0.002782564210371805
0.12  0.0033071364870493757
0.13  0.0038854764913000693
0.14  0.00451569347171708
0.15  0.005196998101458514
0.16  0.005932092328645582
0.17  0.006730571836723574
0.18  0.007613178208062975
0.19  0.00861627329995684
0.2  0.009795268522903407
0.21  0.011225084108608223
0.22  0.012995354346700554
0.23  0.01519845480419512
0.24  0.017909863529690203
0.25  0.02116297922114698
0.26  0.024924751676410034
0.27  0.029091333428638608
0.28  0.03357969767791265
0.29  0.03873375975022962
0.3  0.04617284740071329
0.31  0.05883720610846169
0.32  0.07735735414609834
0.33  0.09455502953162068
0.34  0.09866896039774277
0.35000000000000003  0.08699100091667163
0.36  0.07133479417046577
0.37  0.06495854167791654
0.38  0.06575541861023469
0.39  0.06091781918626764
0.4  0.04959016198756319
0.41000000000000003  0.04112320844500751
0.42  0.039206412449191444
0.43  0.04878757177560547
0.44  0.0686326702585312
0.45  0.06397412054098575
0.46  0.04452037968866852
0.47000000000000003  0.038350922902620356
0.48  0.038310736294271966
0.49  0.038987891528083116
0.5  0.03987169766467403
0.51  0.04102468170377078
0.52  0.04255245253735841
0.53  0.0445711285978797
0.54  0.04717282723633388
0.55  0.05037615534119143
0.56  0.054072550854271824
0.5700000000000001  0.05798788832323866
0.58  0.061681527146978846
0.59  0.06459790420577195
0.6  0.06616879175029522
0.61  0.0659431526612585
0.62  0.06370587063528874
0.63  0.05954539302044623
0.64  0.05384606883713803
0.65  0.047207615015864145
0.66  0.04031972897059783
0.67  0.03383296068639519
0.68  0.02826278642488488
0.6900000000000001  0.023946250465953604
0.7000000000000001  0.021049053842981676
0.71  0.01960508239465409
0.72  0.019565051200143253
0.73  0.020835435503963315
0.74  0.023298632933465083
0.75  0.026815230262794285
0.76  0.031215932609144625
0.77  0.036293123560494855
0.78  0.041800807012888616
0.79  0.04746804073406386
0.8  0.05302589064617902
0.81  0.058242091080323
0.8200000000000001  0.06295197553985804
0.8300000000000001  0.06707100094099751
0.84  0.07057672748949953
0.85  0.07345918327357615
0.86  0.07565649361127258
0.87  0.07700877231174919
0.88  0.07726455851665433
0.89  0.0761527326399718
0.9  0.07349615381311071
0.91  0.06931340743968883
0.92  0.0638545748268445
0.93  0.0575498886274333
0.9400000000000001  0.05089626570147946
0.9500000000000001  0.04433602168419476
0.96  0.038177832879711424
0.97  0.03257989940531316
0.98  0.027582228138770815
0.99  0.023158239532963885
