0.0  0.24504319211512154
0.01  0.25945617602162246
0.02  0.26879893996263776
0.03  0.2729008843086602
0.04  0.272019608839268
0.05  0.26677424877446027
0.06  0.25803270399251177
0.07  0.24677772573702628
0.08  0.23397866745563406
0.09  0.22049097532990755
0.1  0.2069961710394651
0.11  0.1939842324130583
0.12  0.18177097004682932
0.13  0.1705373446818531
0.14  0.16037635703303252
0.15  0.15133550071084714
0.16  0.14344727748928093
0.17  0.13674521655133545
0.18  0.13126686217337397
0.19  0.1270475958003617
0.2  0.12410988839741681
0.21  0.1224520385419007
0.22  0.1220392255097813
0.23  0.12279833939708598
0.24  0.12461692859969317
0.25  0.12734594221941342
0.26  0.13080579936027917
0.27  0.13479549194526463
0.28  0.13910418177554496
0.29  0.14352285306706747
0.3  0.14784997868348748
0.31  0.15188400178064376
0.32  0.1554039622822805
0.33  0.15815717671290702
0.34  0.15988086441945087
0.35000000000000003  0.16036196352329102
0.36  0.1594985047571016
0.37  0.15731359699406694
0.38  0.1539181262636689
0.39  0.14954476698594382
0.4  0.145231005362575
0.41000000000000003  0.14535000677652984
0.42  0.15919729812967512
0.43  0.18902049591817918
0.44  0.21246649189695474
0.45  0.20700795296950292
0.46  0.18946692272499405
0.47000000000000003  0.1859350632565252
0.48  0.18803209041579813
0.49  0.17285042538716705
0.5  0.1371229033229754
0.51  0.09750382960404123
0.52  0.08199704426807489
0.53  0.1381796740077123
0.54  0.21400774196662056
0.55  0.16075162822314829
0.56  0.08862066615503406
0.5700000000000001  0.08918903428925454
0.58  0.11831645759227657
0.59  0.14954573378206978
0.6  0.17150973892280172
0.61  0.1760827484800293
0.62  0.1608633373159587
0.63  0.13044136005940238
0.64  0.0938335624398035
0.65  0.05994871613424239
0.66  0.034133944692036476
0.67  0.017457994718952867
0.68  0.008158127874103733
0.6900000000000001  0.0036080709495780908
0.7000000000000001  0.0016100463204851343
0.71  0.0007881741464940903
0.72  0.0004451016467292139
0.73  0.0002831926003673885
0.74  0.0001916409604950849
0.75  0.00013227207636791957
0.76  9.132912983018032e-05
0.77  6.264797512490247e-05
0.78  4.260509102738787e-05
0.79  2.8710423637497608e-05
0.8  1.916851545938014e-05
0.81  1.2679366668979598e-05
0.8200000000000001  8.309309919523834e-06
0.8300000000000001  5.394986335119533e-06
0.84  3.4703531299386573e-06
0.85  2.2116423156125518e-06
0.86  1.3964133570795797e-06
0.87  8.735162006939767e-07
0.88  5.413595304544548e-07
0.89  3.323980378845263e-07
0.9  2.0220363053334301e-07
0.91  1.218645170068816e-07
0.92  7.276514728140927e-08
0.93  4.304546137601487e-08
0.9400000000000001  2.522836642297207e-08
0.9500000000000001  1.4649024257412876e-08
0.96  8.427253689779541e-09
0.97  4.803095665264306e-09
0.98  2.7121531052837007e-09
0.99  1.5172773100418584e-09
