0.0  0.09277208247315033
0.01  0.10429670826969817
0.02  0.11748388324049083
0.03  0.13221916822253274
0.04  0.14815388642200802
0.05  0.16467849110906357
0.06  0.18093367006454664
0.07  0.19586651079536974
0.08  0.20833056909891828
0.09  0.2172187259410262
0.1  0.22160887291065534
0.11  0.22089780453347388
0.12  0.2149017561665298
0.13  0.2039174534405883
0.14  0.1887691991433514
0.15  0.17090353310256465
0.16  0.1525723032755285
0.17  0.13695781280335736
0.18  0.12774532751053363
0.19  0.1275626980167694
0.2  0.13580904889108605
0.21  0.1504622051810237
0.22  0.18019527115549971
0.23  0.22827283535648096
0.24  0.22916699541656121
0.25  0.1481152197995937
0.26  0.06864354256563343
0.27  0.03068203499360855
0.28  0.014482663325460918
0.29  0.006773371139569348
0.3  0.0032142789959333715
0.31  0.0016544599432305562
0.32  0.0009503464072212162
0.33  0.0005937573677084971
0.34  0.00038782633418861653
0.35000000000000003  0.0002581937923730811
0.36  0.00017319526524471986
0.37  0.00011647004083938674
0.38  7.828955124710613e-05
0.39  5.248168550534547e-05
0.4  3.5017240554587975e-05
0.41000000000000003  2.3218366655710205e-05
0.42  1.5279645828430723e-05
0.43  9.970581447071947e-06
0.44  6.447060551097146e-06
0.45  4.128918247803647e-06
0.46  2.6182867342572536e-06
0.47000000000000003  1.6438730808169442e-06
0.48  1.0224125608418923e-06
0.49  6.321648520614698e-07
0.5  3.958105962023526e-07
0.51  2.726472105947034e-07
0.52  2.6407887544080443e-07
0.53  4.445612629413899e-07
0.54  1.0468391725175453e-06
0.55  2.662844486986757e-06
0.56  6.680606292993188e-06
0.5700000000000001  1.6175115971567456e-05
0.58  3.761477833652705e-05
0.59  8.392433214706456e-05
0.6  0.0001796101225429677
0.61  0.000368691196368561
0.62  0.0007259018005687142
0.63  0.0013708018126594493
0.64  0.002482863531760458
0.65  0.004313332741567761
0.66  0.00718720645371795
0.67  0.011487552508835387
0.68  0.017619299965073058
0.6900000000000001  0.02597589277808309
0.7000000000000001  0.03701399343883877
0.71  0.05167693490991475
0.72  0.07231884539589511
0.73  0.10328795613156025
0.74  0.1486378238666026
0.75  0.20544423632127795
0.76  0.25809028611603946
0.77  0.2839655761851374
0.78  0.27057842273863525
0.79  0.22665958438920028
0.8  0.17381511756925377
0.81  0.12906589974248994
0.8200000000000001  0.09698434075217487
0.8300000000000001  0.0742830834312946
0.84  0.056829321780718846
0.85  0.04248768592597086
0.86  0.030665771253875655
0.87  0.021266456061824642
0.88  0.014150975098928167
0.89  0.009032103540060673
0.9  0.005529387360468437
0.91  0.0032467348541201048
0.92  0.0018285121783722165
0.93  0.0009877114079262187
0.9400000000000001  0.0005117330390466751
0.9500000000000001  0.00025429511600298763
0.96  0.00012120310774196438
0.97  5.540776937756487e-05
0.98  2.4294544003825573e-05
0.99  1.0217108654183594e-05
