0.0  0.00699207242976124
0.01  0.0097097542958018
0.02  0.01330105416940143
0.03  0.01797377960894114
0.04  0.023958980202524145
0.05  0.03150451979261267
0.06  0.04086514939854206
0.07  0.05228885206618939
0.08  0.06599956140090421
0.09  0.0821767767286562
0.1  0.1009330792201702
0.11  0.12229104636836245
0.12  0.14616150324235294
0.13  0.17232536556203282
0.14  0.20042145042446582
0.15  0.22994249684149803
0.16  0.26024121650907434
0.17  0.29054748721569656
0.18  0.31999685042089815
0.19  0.34766936594815206
0.2  0.37263673032786154
0.21  0.39401452178930346
0.22  0.41101563650834416
0.23  0.4230005496617364
0.24  0.4295200528075636
0.25  0.43034661190075774
0.26  0.42549142054436556
0.27  0.4152054931751707
0.28  0.3999646073914661
0.29  0.38043939117602243
0.3  0.35745318527201075
0.31  0.3319313430980001
0.32  0.3048462548970016
0.33  0.27716255197625855
0.34  0.24978667486602446
0.35000000000000003  0.22352434413269096
0.36  0.19904856098990287
0.37  0.1768797106593083
0.38  0.15737826360136475
0.39  0.14074956333131802
0.4  0.127059314070145
0.41000000000000003  0.11625765934768412
0.42  0.10820916858314783
0.43  0.10272560872358479
0.44  0.09959807521028863
0.45  0.09862494015180896
0.46  0.09963228037217255
0.47000000000000003  0.10248426974381693
0.48  0.1070830997538041
0.49  0.11336347339953938
0.5  0.12131620783512498
0.51  0.13132118316785565
0.52  0.14632451847530617
0.53  0.17878636485146024
0.54  0.25376706077244815
0.55  0.374806688677362
0.56  0.47603135343332104
0.5700000000000001  0.48555782582266305
0.58  0.4377465634437057
0.59  0.4157916188898631
0.6  0.4374959649628158
0.61  0.46962114039357267
0.62  0.48306221137668065
0.63  0.46631102493500753
0.64  0.4204244526913801
0.65  0.3544774526948165
0.66  0.2810902768940954
0.67  0.21175695632128064
0.68  0.1537118783710076
0.6900000000000001  0.10930158019337503
0.7000000000000001  0.07730930211948672
0.71  0.05491955195554363
0.72  0.039252028818563905
0.73  0.028090614473403656
0.74  0.019978727584393802
0.75  0.014024152355625175
0.76  0.009668957888500357
0.77  0.006530598440463197
0.78  0.004321400935095596
0.79  0.002820127225907439
0.8  0.0018735329496122567
0.81  0.0014217620053311273
0.8200000000000001  0.0015563969834838276
0.8300000000000001  0.0026288964001287825
0.84  0.00542405165037539
0.85  0.011388158142370418
0.86  0.022846228780856865
0.87  0.04306315667273374
0.88  0.07593759881200475
0.89  0.12513460854851363
0.9  0.19263450340942742
0.91  0.2770057346423901
0.92  0.3720747125774794
0.93  0.4668256627565034
0.9400000000000001  0.5470931819351383
0.9500000000000001  0.5988933570588107
0.96  0.6123774055198189
0.97  0.5848846656472979
0.98  0.5217983536912122
0.99  0.4348270538604597
