0.0  0.019447740776557892
0.01  0.021969643812690925
0.02  0.02512362154506039
0.03  0.03167860307666164
0.04  0.06266510406440498
0.05  0.17160510886751468
0.06  0.26281928132052457
0.07  0.21071940729976749
0.08  0.17652601064788373
0.09  0.1798345783668048
0.1  0.16897641793691145
0.11  0.14310837630299147
0.12  0.11665815281687204
0.13  0.10011110446124738
0.14  0.09551566627958556
0.15  0.09954947662651319
0.16  0.10808097776767749
0.17  0.11836092125108975
0.18  0.1290231940420709
0.19  0.13943280968024846
0.2  0.14922129266852474
0.21  0.15809725400388597
0.22  0.16581272475440192
0.23  0.17230658748714556
0.24  0.17852605786403028
0.25  0.18880693988358452
0.26  0.21241323493917635
0.27  0.2541624173190837
0.28  0.29504988067298904
0.29  0.29928949511763014
0.3  0.2582889759515202
0.31  0.20314191035454623
0.32  0.16308752521356096
0.33  0.14071113053267464
0.34  0.1266278568541357
0.35000000000000003  0.11466240713245007
0.36  0.1030597038213718
0.37  0.09172438718028618
0.38  0.08087372109465572
0.39  0.0707304606018544
0.4  0.06147877693277251
0.41000000000000003  0.05325905784410166
0.42  0.046169022836754114
0.43  0.04026852593078252
0.44  0.03558831129264617
0.45  0.032143484722763974
0.46  0.02995283332282172
0.47000000000000003  0.029065222963469674
0.48  0.02959361685196162
0.49  0.031755040319140136
0.5  0.035910305060527996
0.51  0.04259031616328943
0.52  0.052487674023212645
0.53  0.06638686675913477
0.54  0.08500981624377128
0.55  0.10877223267126354
0.56  0.13748201494301002
0.5700000000000001  0.17005598205267092
0.58  0.20436622754643616
0.59  0.23732731348267433
0.6  0.26528317459107414
0.61  0.28465380350593733
0.62  0.29269114826998033
0.63  0.2881228416914859
0.64  0.27147349047008434
0.65  0.24495217336844424
0.66  0.21194292923168342
0.67  0.17626732449846266
0.68  0.14144788396940167
0.6900000000000001  0.11016933390228531
0.7000000000000001  0.08403670702879093
0.71  0.06361664554604597
0.72  0.04866823178548175
0.73  0.0384444412321861
0.74  0.031967827353351415
0.75  0.02822993022259647
0.76  0.0263077946830848
0.77  0.025417748074347227
0.78  0.02493370348776198
0.79  0.024390785086816743
0.8  0.023483725723815033
0.81  0.02206017610850265
0.8200000000000001  0.0201050584047312
0.8300000000000001  0.017713263456526164
0.84  0.015052235146042339
0.85  0.012322177109851938
0.86  0.009739946380415811
0.87  0.0076563111331377776
0.88  0.0071569791491244115
0.89  0.01161416695162021
0.9  0.028128382891943866
0.91  0.06395351847937973
0.92  0.11446830045345163
0.93  0.15510223093640393
0.9400000000000001  0.1577268286164387
0.9500000000000001  0.12011703311598819
0.96  0.06846341833945907
0.97  0.029203561893762633
0.98  0.00932573990261064
0.99  0.002232525537331416
