0.0  0.08510038728685775
0.01  0.09147468348829214
0.02  0.09684290743425825
0.03  0.10097927563780423
0.04  0.1037036912411806
0.05  0.10489474228700349
0.06  0.10449867495895927
0.07  0.10253341833927739
0.08  0.09908724145777634
0.09  0.09431218364187019
0.1  0.08841294068746021
0.11  0.08163234048816329
0.12  0.07423484542654052
0.13  0.0664896413735015
0.14  0.058654808692232635
0.15  0.050963840543421374
0.16  0.04361542137146184
0.17  0.03676696046582135
0.18  0.03053195202232101
0.19  0.024980857979664282
0.2  0.020144923131415873
0.21  0.016022155668834363
0.22  0.012584643745415302
0.23  0.009786416951186202
0.24  0.007571176216730547
0.25  0.0058793762004656245
0.26  0.004654319896665408
0.27  0.0038470895313589197
0.28  0.0034202715361068906
0.29  0.0033505258135312728
0.3  0.003630098300655937
0.31  0.004267385711816648
0.32  0.005286642114038513
0.33  0.006726881403762448
0.34  0.008639991453282004
0.35000000000000003  0.01108804745124568
0.36  0.01413980428236666
0.37  0.017866367862911348
0.38  0.022336096277795252
0.39  0.02760886190361826
0.4  0.033729909266793937
0.41000000000000003  0.040723659441520954
0.42  0.048587925675768286
0.43  0.05728909919282804
0.44  0.06675892017938882
0.45  0.07689344927863043
0.46  0.08755478533908073
0.47000000000000003  0.09857592751173662
0.48  0.10976895390172195
0.49  0.12093639434439839
0.5  0.13188533117453155
0.51  0.14244339840659193
0.52  0.15247550364884246
0.53  0.1618998101685922
0.54  0.17070133129727294
0.55  0.17894144416967062
0.56  0.1867617538013956
0.5700000000000001  0.1943810468574733
0.58  0.20208456415961024
0.59  0.21020546812345306
0.6  0.21909914021092694
0.61  0.22911174810651144
0.62  0.24054529057270785
0.63  0.2536219701095124
0.64  0.2684513502608602
0.65  0.2850153733383568
0.66  0.303520100819595
0.67  0.3295378967632487
0.68  0.4018359125226951
0.6900000000000001  0.6086589929358263
0.7000000000000001  0.8905956339998666
0.71  0.9243965039224283
0.72  0.6851309568368272
0.73  0.4965468996253478
0.74  0.44452975572107434
0.75  0.44054179227124
0.76  0.4398047994806596
0.77  0.43493987628714303
0.78  0.42552757028178945
0.79  0.41184972083083604
0.8  0.3943807016316462
0.81  0.3737337827649618
0.8200000000000001  0.3506162299772285
0.8300000000000001  0.3257811731308286
0.84  0.2999803442426477
0.85  0.27392161010943555
0.86  0.24823439064116706
0.87  0.22344496569765054
0.88  0.1999624874794354
0.89  0.1780753838263156
0.9  0.15795688727021873
0.91  0.1396777432532706
0.92  0.12322377997728415
0.93  0.10851595760499044
0.9400000000000001  0.0954307134410029
0.9500000000000001  0.08381881346573099
0.96  0.07352142796461074
0.97  0.06438268963207965
0.98  0.0562584976100393
0.99  0.049021750077908675
