0.0  1.1018896951207174e-05
0.01  3.2593047699431025e-05
0.02  9.095540437742755e-05
0.03  0.0002384910966865514
0.04  0.0005861840481364477
0.05  0.0013487158628427362
0.06  0.00290257326629647
0.07  0.005840058630861428
0.08  0.010982593108292055
0.09  0.01930126276416957
0.1  0.03169869851988449
0.11  0.04865098766660926
0.12  0.06979087622003158
0.13  0.09360143404821296
0.14  0.1174227200141912
0.15  0.1378994659707526
0.16  0.15181646352753683
0.17  0.15705919188357964
0.18  0.15332613836546527
0.19  0.14234924373814092
0.2  0.12836961063553642
0.21  0.12408884964260539
0.22  0.17014991402698887
0.23  0.32809821011511064
0.24  0.5525783357552231
0.25  0.6269351419570016
0.26  0.46453341480211474
0.27  0.2595428770959842
0.28  0.1628061581419093
0.29  0.14773294405530296
0.3  0.15684102798001798
0.31  0.1679968443543373
0.32  0.17671833038959744
0.33  0.1820578385964746
0.34  0.18362838653136423
0.35000000000000003  0.18131521438600062
0.36  0.1752586067278257
0.37  0.16583288416767067
0.38  0.15360547971033264
0.39  0.13927946258857302
0.4  0.12362652101869628
0.41000000000000003  0.10741881838346923
0.42  0.09136781558008454
0.43  0.0760764535766746
0.44  0.06200852797252854
0.45  0.04947624480073619
0.46  0.038644365672702914
0.47000000000000003  0.029547434704166948
0.48  0.02211553885051857
0.49  0.016203894793103694
0.5  0.011622122517585303
0.51  0.008160102786225984
0.52  0.005608541715703369
0.53  0.003773535369309233
0.54  0.002485369937113439
0.55  0.001602425332360026
0.56  0.001011366836043272
0.5700000000000001  0.0006248614903074471
0.58  0.0003779226814862014
0.59  0.00022375167743617539
0.6  0.00012968023462926517
0.61  7.357417833809098e-05
0.62  4.086214862388103e-05
0.63  2.221575732831615e-05
0.64  1.1823476481250425e-05
0.65  6.159896373329209e-06
0.66  3.1415629457004775e-06
0.67  1.5684196359244124e-06
0.68  7.665189943488992e-07
0.6900000000000001  3.6671419123918833e-07
0.7000000000000001  1.7174205599659376e-07
0.71  7.873534666317091e-08
0.72  3.5335152953308994e-08
0.73  1.5523453763527312e-08
0.74  6.675962287423369e-09
0.75  2.810499693182696e-09
0.76  1.1582367884397536e-09
0.77  4.672564587821441e-10
0.78  1.845259359134859e-10
0.79  7.133516425099533e-11
0.8  2.6995666834631383e-11
0.81  1.0000658541046285e-11
0.8200000000000001  3.6266636876156445e-12
0.8300000000000001  1.2874492363707816e-12
0.84  4.4740114311640196e-13
0.85  1.5219774228324344e-13
0.86  5.0683135685485614e-14
0.87  1.652201025989023e-14
0.88  5.272376846795132e-15
0.89  1.6470020745069086e-15
0.9  5.0364670092989e-16
0.91  1.5076550479035928e-16
0.92  4.417963505775322e-17
0.93  1.267320346375451e-17
0.9400000000000001  3.558728332660979e-18
0.9500000000000001  9.782444888023513e-19
0.96  2.6323530067665003e-19
0.97  6.934018461984196e-20
0.98  1.7880102474858577e-20
0.99  4.5133515101796714e-21
