0.0  0.21993754409231994
0.01  0.26602145405796673
0.02  0.3076045282081353
0.03  0.34003811173420545
0.04  0.3593530623405714
0.05  0.363056421306751
0.06  0.3506599527054054
0.07  0.3237859547077163
0.08  0.2858188696048272
0.09  0.24120798814977093
0.1  0.19464020535675822
0.11  0.1504389456173414
0.12  0.11293263442640573
0.13  0.08911357705143645
0.14  0.09318487821285242
0.15  0.14429430617249023
0.16  0.24379407044263074
0.17  0.3463809388438792
0.18  0.37858651344318317
0.19  0.3107309455113585
0.2  0.19042291741250209
0.21  0.08739637534543077
0.22  0.030806282299496533
0.23  0.009601063435938336
0.24  0.00445809275974677
0.25  0.004383094406441534
0.26  0.005708024561327332
0.27  0.007758838871168193
0.28  0.016125224917196444
0.29  0.13610221270844147
0.3  0.6662479217850532
0.31  0.8853365994914499
0.32  0.31860621171851816
0.33  0.06459425755711172
0.34  0.05248989038348192
0.35000000000000003  0.0660007411588669
0.36  0.08294745750969781
0.37  0.1031502744872173
0.38  0.12685722454234938
0.39  0.15421623552678126
0.4  0.1852342044260336
0.41000000000000003  0.2197404951067456
0.42  0.25735654196758256
0.43  0.2974762189532643
0.44  0.33926140621288536
0.45  0.3816562803830523
0.46  0.4234222746711712
0.47000000000000003  0.4631935250726005
0.48  0.49955018473163526
0.49  0.5311045952884051
0.5  0.5565934335074424
0.51  0.5749699868934406
0.52  0.5855228531708205
0.53  0.5883328731232031
0.54  0.5867140183538109
0.55  0.5950655097080916
0.56  0.6464437989913125
0.5700000000000001  0.7655003908131944
0.58  0.8973931562964667
0.59  0.9143374468060488
0.6  0.7695376576550021
0.61  0.5673052280373735
0.62  0.42246960855188925
0.63  0.3540770770830832
0.64  0.33053683169247094
0.65  0.32919019582330267
0.66  0.3437540197715837
0.67  0.3740083961018575
0.68  0.42016206127226535
0.6900000000000001  0.48131208502952033
0.7000000000000001  0.5550564090297192
0.71  0.6374111461350348
0.72  0.7229550162608284
0.73  0.8052177858598573
0.74  0.8772939417272323
0.75  0.9326107611424738
0.76  0.9657356273699739
0.77  0.973085527041451
0.78  0.9534119886727214
0.79  0.907979450696323
0.8  0.8404270464522048
0.81  0.7563862518160981
0.8200000000000001  0.6629930976535698
0.8300000000000001  0.5684481137828314
0.84  0.48170351088806385
0.85  0.41218341294352034
0.86  0.3692239281941015
0.87  0.36080613503562575
0.88  0.3913492843109593
0.89  0.45893179735863765
0.9  0.5531085632893468
0.91  0.6549456886442422
0.92  0.740405790026524
0.93  0.7866930391623775
0.9400000000000001  0.7793407772417884
0.9500000000000001  0.71692649933829
0.96  0.6111493674518998
0.97  0.482254341728519
0.98  0.35205420153395134
0.99  0.23768906910401813
