0.0  0.1867210775683706
0.01  0.21138772226309463
0.02  0.23567047892231385
0.03  0.2587455734389646
0.04  0.2797612971268956
0.05  0.2978899389125235
0.06  0.31238256574494283
0.07  0.32262174519462533
0.08  0.32816717575286386
0.09  0.3287896760433615
0.1  0.32449005014149584
0.11  0.31550086811677025
0.12  0.3022709812372582
0.13  0.28543439043500163
0.14  0.26576666228761897
0.15  0.2441332336518737
0.16  0.22143452879172926
0.17  0.1985527856737931
0.18  0.17630490023487685
0.19  0.15540463530654958
0.2  0.13643791424261453
0.21  0.1198822847773156
0.22  0.10650353267085577
0.23  0.10021391762167357
0.24  0.11928014382937863
0.25  0.2128559141227574
0.26  0.43167874370391357
0.27  0.7095298893258297
0.28  0.8322945370949157
0.29  0.6821650375449286
0.3  0.40959223623094154
0.31  0.21817581445137738
0.32  0.15166240116508342
0.33  0.1556343346335225
0.34  0.1873441114968589
0.35000000000000003  0.23319027928888406
0.36  0.29060908435279464
0.37  0.35768955824552096
0.38  0.4304422629756612
0.39  0.5025437249635055
0.4  0.5660614893780019
0.41000000000000003  0.6128687975372593
0.42  0.6364121715825367
0.43  0.633321927060009
0.44  0.604348245030162
0.45  0.5543098606028619
0.46  0.491083459385633
0.47000000000000003  0.4239930097438914
0.48  0.3621387186379261
0.49  0.31317074387618343
0.5  0.2827969909468073
0.51  0.27501413727259333
0.52  0.29276858271515677
0.53  0.338563823803652
0.54  0.4144909661051428
0.55  0.5213331891435851
0.56  0.6568216202396039
0.5700000000000001  0.8137140271538994
0.58  0.9788400793077818
0.59  1.1342038485454013
0.6  1.2604374313439972
0.61  1.341635583178161
0.62  1.3696185912975256
0.63  1.345707065607845
0.64  1.2792615184963916
0.65  1.1838489832671713
0.66  1.0729340770051592
0.67  0.9568787044140952
0.68  0.8420178447813516
0.6900000000000001  0.7314310364161313
0.7000000000000001  0.6264191794444844
0.71  0.5277789462863017
0.72  0.4364458560141359
0.73  0.3535797197849741
0.74  0.2913850876595574
0.75  0.3914107976771069
0.76  0.2827529526738288
0.77  0.12474464438176042
0.78  0.0874253078910267
0.79  0.06156471902854992
0.8  0.04233609185241338
0.81  0.028430506379043933
0.8200000000000001  0.018646400905248876
0.8300000000000001  0.011945090807002812
0.84  0.0074751567084052825
0.85  0.004570299087362965
0.86  0.0027303860289554973
0.87  0.001594133665675149
0.88  0.0009097398191599197
0.89  0.0005075469978550715
0.9  0.00027688188437333567
0.91  0.00014908087316989384
0.92  0.00015051793286024383
0.93  0.001404382706908603
0.9400000000000001  0.008817859567199866
0.9500000000000001  0.019673070707448632
0.96  0.015243017611923699
0.97  0.004096965562007035
0.98  0.00038253166460605625
0.99  1.2772833244507157e-05
