0.0  0.0041422561619109625
0.01  0.0056199146190236285
0.02  0.0075296324123672615
0.03  0.009962518133693858
0.04  0.013017145742873578
0.05  0.016796303065763858
0.06  0.02140242233296717
0.07  0.026931680254158815
0.08  0.033466882747021955
0.09  0.04106940085169442
0.1  0.0497705871970132
0.11  0.05956325934400238
0.12  0.07039396650781278
0.13  0.0821568372978291
0.14  0.09468981763853852
0.15  0.10777403446497757
0.16  0.12113685507133494
0.17  0.13445895810736394
0.18  0.14738540649551296
0.19  0.15954034324682156
0.2  0.17054455612328773
0.21  0.18003481955920045
0.22  0.18768366530891603
0.23  0.19321809378755492
0.24  0.19643574090243152
0.25  0.19721716900369626
0.26  0.19553332430251943
0.27  0.19146462679118592
0.28  0.186256153252025
0.29  0.1986423014109716
0.3  0.2895399151856761
0.31  0.3579493589449449
0.32  0.2410785270515562
0.33  0.14365914443301273
0.34  0.11687457544805677
0.35000000000000003  0.10304382418134223
0.36  0.09019710492329816
0.37  0.07803476174115738
0.38  0.0667664000836363
0.39  0.05655911139118556
0.4  0.047534362262921376
0.41000000000000003  0.03977514028497636
0.42  0.033335426498194105
0.43  0.028250992039165947
0.44  0.024550506262520547
0.45  0.02226597972362697
0.46  0.021441738657411637
0.47000000000000003  0.022141772451706038
0.48  0.024457443874795533
0.49  0.0285228218807444
0.5  0.03455163459126301
0.51  0.042902631133373004
0.52  0.054127592623692725
0.53  0.06886075683821329
0.54  0.08739949699590675
0.55  0.10909968234656746
0.56  0.13214920003740066
0.5700000000000001  0.154263119962119
0.58  0.17399065208351921
0.59  0.1914753929403717
0.6  0.2079041366189976
0.61  0.2242151959005463
0.62  0.24026936243139538
0.63  0.2549803012105558
0.64  0.26697841053005966
0.65  0.2853521841574863
0.66  0.4066859254133437
0.67  0.3285319562555704
0.68  0.2706856851124601
0.6900000000000001  0.25866229066974794
0.7000000000000001  0.2432811071308326
0.71  0.22469603790108403
0.72  0.20389203775458778
0.73  0.18193264541205476
0.74  0.15988759909732633
0.75  0.13875794032981564
0.76  0.11939300182469946
0.77  0.10239854138063574
0.78  0.08805029540009018
0.79  0.07624600426323652
0.8  0.06653592692117513
0.81  0.05825233521838303
0.8200000000000001  0.05071367688772606
0.8300000000000001  0.04343268823873535
0.84  0.036243007544690085
0.85  0.029292560927929676
0.86  0.02291728867093457
0.87  0.01746499409280877
0.88  0.013152325472728758
0.89  0.010005680447657641
0.9  0.007886434306230717
0.91  0.006567703467520408
0.92  0.005846339555388107
0.93  0.005793296351685306
0.9400000000000001  0.007492279365634469
0.9500000000000001  0.014487631356461604
0.96  0.033214422932621696
0.97  0.06784569016057895
0.98  0.1096590120960994
0.99  0.1353446041452672
