0.0  0.023664220420296585
0.01  0.03548987698556711
0.02  0.05256266803987645
0.03  0.07429833157162294
0.04  0.09769426443815894
0.05  0.11787188819307984
0.06  0.1302679478780487
0.07  0.13323260724368477
0.08  0.1290655657298023
0.09  0.12263198870013617
0.1  0.11868087330166643
0.11  0.11983587381172861
0.12  0.12628297550069942
0.13  0.13669495971386234
0.14  0.14933127484099198
0.15  0.162659859353118
0.16  0.17548396290308613
0.17  0.18684616759838704
0.18  0.19593003509409515
0.19  0.20203431636848002
0.2  0.20460556869451882
0.21  0.20329270494304136
0.22  0.19799434330744659
0.23  0.18888182278613305
0.24  0.1763904299889078
0.25  0.16117892688275054
0.26  0.14406349916595104
0.27  0.12593652503859876
0.28  0.10768258138614875
0.29  0.09010365126494005
0.3  0.07386288267329118
0.31  0.0594522298722758
0.32  0.04718486430361728
0.33  0.037209310702333465
0.34  0.029539525545450834
0.35000000000000003  0.024093897836388725
0.36  0.020736354655948242
0.37  0.019314054770738335
0.38  0.019688064063914355
0.39  0.021755419644410127
0.4  0.025462685848168545
0.41000000000000003  0.030812233575693185
0.42  0.037863003114462127
0.43  0.04672762934939573
0.44  0.057567840998091924
0.45  0.0705902615972533
0.46  0.08604510960150326
0.47000000000000003  0.10423030453243895
0.48  0.12550216445103057
0.49  0.1502901618885097
0.5  0.179106662825251
0.51  0.21253435575102494
0.52  0.25116761358263223
0.53  0.2954847691587394
0.54  0.345641791350504
0.55  0.40120626127435266
0.56  0.46088872782736867
0.5700000000000001  0.5223625306997695
0.58  0.5822737072406954
0.59  0.6365137688260197
0.6  0.6807582835486022
0.61  0.7111822162557432
0.62  0.7251842718779489
0.63  0.7219240543460825
0.64  0.7025170035664565
0.65  0.669831928293608
0.66  0.6279561776787685
0.67  0.5814860847295599
0.68  0.5348308743509707
0.6900000000000001  0.49168162292557394
0.7000000000000001  0.45471697001365663
0.71  0.4255323713052144
0.72  0.4047228247457496
0.73  0.392034494247826
0.74  0.38652200450419544
0.75  0.38668603518866385
0.76  0.3905995315604727
0.77  0.3960471969000389
0.78  0.40069932398110847
0.79  0.4023233485265282
0.8  0.39901462969453483
0.81  0.38941127546756155
0.8200000000000001  0.3728523530033214
0.8300000000000001  0.34944668202190426
0.84  0.3202153791362265
0.85  0.29545160351190675
0.86  0.32700033003603723
0.87  0.3149277700170884
0.88  0.19745152433540764
0.89  0.14275131791135803
0.9  0.11293597962262619
0.91  0.08955529817253126
0.92  0.07301149931492723
0.93  0.06425291298414787
0.9400000000000001  0.06381662149111979
0.9500000000000001  0.07140319451540221
0.96  0.0854087815192535
0.97  0.10271130332267062
0.98  0.1190161247286344
0.99  0.12984175910309154
