0.0  7.630495159904816e-08
0.01  1.6735903344359989e-07
0.02  3.5773806321393235e-07
0.03  7.452477927514756e-07
0.04  1.5130587802047191e-06
0.05  2.9938528893404805e-06
0.06  5.7733072020680235e-06
0.07  1.0850217219800096e-05
0.08  1.9873380756053952e-05
0.09  3.5475182478176004e-05
0.1  6.171592894357644e-05
0.11  0.00010463872687203465
0.12  0.00017291906705468662
0.13  0.00027870208143256054
0.14  0.00044009146475327833
0.15  0.0006960547505764213
0.16  0.0011836645290524404
0.17  0.00240950275793688
0.18  0.005795335150027824
0.19  0.013884949055119968
0.2  0.028543749860902332
0.21  0.046948454046816745
0.22  0.060321804276636935
0.23  0.06051260747002944
0.24  0.0484679139205912
0.25  0.03312948880622592
0.26  0.022341051324662322
0.27  0.017689446072459668
0.28  0.016833197115893254
0.29  0.0173166664373882
0.3  0.01788169979400961
0.31  0.01810018892807221
0.32  0.017870706897604203
0.33  0.017197299584283066
0.34  0.016128789040551282
0.35000000000000003  0.014742225321502092
0.36  0.013132393692339884
0.37  0.011401035502442952
0.38  0.009646377575214858
0.39  0.007954333039686219
0.4  0.006392383750840585
0.41000000000000003  0.00500658348486915
0.42  0.003821550844729081
0.43  0.0028428724890101893
0.44  0.002061079227693784
0.45  0.0014563024560304665
0.46  0.001002831887732307
0.47000000000000003  0.0006730146912309563
0.48  0.0004401912461075924
0.49  0.0002805953574977479
0.5  0.0001743199767867705
0.51  0.00010554991087155964
0.52  6.229645204079462e-05
0.53  3.5852647234225716e-05
0.54  2.014308782028936e-05
0.55  1.1087479758561023e-05
0.56  6.046304332168218e-06
0.5700000000000001  3.3770603604027324e-06
0.58  2.103818470624114e-06
0.59  1.6932569361425302e-06
0.6  1.946911478563634e-06
0.61  3.0995227049886047e-06
0.62  6.458396849979168e-06
0.63  1.652360923127598e-05
0.64  4.669218039623455e-05
0.65  0.00013212366933230556
0.66  0.0003534963923836232
0.67  0.000870491315290126
0.68  0.001949925099471791
0.6900000000000001  0.003952926731035722
0.7000000000000001  0.007235444681055898
0.71  0.011945105404141329
0.72  0.01777748517198646
0.73  0.023845409365326916
0.74  0.0288245359017747
0.75  0.031402793049867136
0.76  0.03084028668037963
0.77  0.02731703164932564
0.78  0.02184758797380186
0.79  0.015818610291801434
0.8  0.01043715947886381
0.81  0.0063871983841220165
0.8200000000000001  0.0038052530176088247
0.8300000000000001  0.0024802060838501963
0.84  0.002101253965046237
0.85  0.002428403561460334
0.86  0.003354411325523841
0.87  0.004888663647467091
0.88  0.007105053214423735
0.89  0.010081027246351447
0.9  0.013839698579664831
0.91  0.018301366623313737
0.92  0.02325222550077909
0.93  0.028339881235642926
0.9400000000000001  0.03310296284684824
0.9500000000000001  0.0370345970990659
0.96  0.03966903438522302
0.97  0.04067143441509531
0.98  0.03990703605990368
0.99  0.03747004438766606
