0.0  0.8135466253970826
0.01  0.8635987036010736
0.02  0.9105652346998094
0.03  0.9541269190864882
0.04  0.9941475131628267
0.05  1.0306858771762788
0.06  1.0639967232835312
0.07  1.0945189035521652
0.08  1.1228551558040736
0.09  1.1498323686515077
0.1  1.1774547511125586
0.11  1.2134364145055572
0.12  1.2753886891262325
0.13  1.365681543049584
0.14  1.4324645694244875
0.15  1.4304991360717068
0.16  1.4012827215379582
0.17  1.3983361759899309
0.18  1.4206912472411497
0.19  1.4496203936005572
0.2  1.4758096206528113
0.21  1.4957901337066104
0.22  1.5072632122100633
0.23  1.508165504595168
0.24  1.496733844050558
0.25  1.4716665135245375
0.26  1.4322612046496177
0.27  1.3785080039890314
0.28  1.311126367455421
0.29  1.2315431963622563
0.3  1.1418202058312852
0.31  1.0445533695852425
0.32  0.9427846738855487
0.33  0.8399813075157885
0.34  0.740134156703222
0.35000000000000003  0.6479786532410591
0.36  0.5692212524361071
0.37  0.5104787196778129
0.38  0.478505817035786
0.39  0.47838530285810815
0.4  0.5108378124973826
0.41000000000000003  0.5695939616416992
0.42  0.6404015874472276
0.43  0.7030750923704459
0.44  0.7367260169854325
0.45  0.7264543453549047
0.46  0.6685304098019413
0.47000000000000003  0.571502404527547
0.48  0.4526787770766602
0.49  0.3318075974496368
0.5  0.22497696599288564
0.51  0.14115915381647678
0.52  0.0820641939216109
0.53  0.04432097316392245
0.54  0.022345819552042078
0.55  0.010611006743176199
0.56  0.004820118063264442
0.5700000000000001  0.002149242021966947
0.58  0.0009762455619036015
0.59  0.0004707741343975367
0.6  0.00024825784123302876
0.61  0.00014506893538822894
0.62  9.634915463321859e-05
0.63  7.862589336177391e-05
0.64  8.637959741389427e-05
0.65  0.00012427386410476977
0.66  0.00020625520738122186
0.67  0.0003580091364870369
0.68  0.0006216390436834542
0.6900000000000001  0.0010622769771223854
0.7000000000000001  0.0017764397878677054
0.71  0.002901661280096569
0.72  0.0046263945388142795
0.73  0.007198467514223742
0.74  0.010929600944479855
0.75  0.016192842871733563
0.76  0.023409490828321916
0.77  0.033022447527222755
0.78  0.04545423584966353
0.79  0.061050193082191076
0.8  0.08001054185443157
0.81  0.10231865802912898
0.8200000000000001  0.12767618568129147
0.8300000000000001  0.15545775750191773
0.84  0.18469805845857826
0.85  0.21412121215007623
0.86  0.2422169256898265
0.87  0.2673601726251736
0.88  0.28796278775187284
0.89  0.3026379988403792
0.9  0.31035444850231125
0.91  0.3105559997094824
0.92  0.30322800174389686
0.93  0.2888990507907856
0.9400000000000001  0.26857795135333473
0.9500000000000001  0.24363631917501813
0.96  0.21565579527041392
0.97  0.18626346081493664
0.98  0.15697902723828397
0.99  0.12909310002275198
