0.0  0.02731090986255883
0.01  0.03002319325887954
0.02  0.03257728113241239
0.03  0.034890748585740185
0.04  0.03688447952289524
0.05  0.03848714084409166
0.06  0.03963943076791899
0.07  0.04029775492843348
0.08  0.040437020912079506
0.09  0.04005231353282674
0.1  0.03915931247688507
0.11  0.03779343031789189
0.12  0.03600776933486938
0.13  0.03387010671114876
0.14  0.0314592087538621
0.15  0.028860845465576754
0.16  0.026163970614246225
0.17  0.02345787252074506
0.18  0.020832549255900636
0.19  0.0183897972526972
0.2  0.01628789667671218
0.21  0.014878178597264983
0.22  0.015048824707514303
0.23  0.01892773253826089
0.24  0.030979630479992946
0.25  0.05907300240152773
0.26  0.11429596155483131
0.27  0.20778270859928427
0.28  0.3437919557778969
0.29  0.5114075895844463
0.3  0.6807887062600808
0.31  0.809869825895273
0.32  0.8613167454640164
0.33  0.8208632833553385
0.34  0.7049303907157451
0.35000000000000003  0.5521059071697225
0.36  0.4045230014442892
0.37  0.2913190732064029
0.38  0.22261162684877617
0.39  0.19369096934934685
0.4  0.1933621936136581
0.41000000000000003  0.21066225758947096
0.42  0.2378093583763002
0.43  0.2702628514441592
0.44  0.3056314042917368
0.45  0.3426024428225581
0.46  0.3802795272217104
0.47000000000000003  0.41787793434734694
0.48  0.4546256728640917
0.49  0.48975659705200014
0.5  0.5225375885730577
0.51  0.5523048149148947
0.52  0.5784979064334843
0.53  0.6006855672976525
0.54  0.618578026561961
0.55  0.6320235619466301
0.56  0.6409889224107155
0.5700000000000001  0.6455268191607136
0.58  0.6457372671552688
0.59  0.6417326490624109
0.6  0.6336179874016428
0.61  0.621497135776877
0.62  0.6055118078918795
0.63  0.5859134488685506
0.64  0.5631585364245667
0.65  0.5380074504185318
0.66  0.5115979054847468
0.67  0.4854591278981436
0.68  0.46143568692747094
0.6900000000000001  0.44150263279288166
0.7000000000000001  0.42747676515339467
0.71  0.4206594924689495
0.72  0.4214778481324797
0.73  0.42921162801810225
0.74  0.44189573983630465
0.75  0.4564610230988288
0.76  0.46912540594262386
0.77  0.4759817197836686
0.78  0.47366812620557897
0.79  0.4599729588739903
0.8  0.4342323191389757
0.81  0.3974271899347349
0.8200000000000001  0.35196335740889395
0.8300000000000001  0.3011978464423081
0.84  0.24883442487462806
0.85  0.19833100173794133
0.86  0.15244078840696879
0.87  0.11295833768260438
0.88  0.08068069467203515
0.89  0.05554252725398346
0.9  0.036854975116617186
0.91  0.023573930948271808
0.92  0.014538936154698463
0.93  0.008648881261404355
0.9400000000000001  0.004965489212535436
0.9500000000000001  0.0027536590840922578
0.96  0.001476912496890511
0.97  0.0007675533501394443
0.98  0.0003875833495835923
0.99  0.0001909224756472625
