0.0  0.02757326666776333
0.01  0.041045269778882794
0.02  0.059578774924833794
0.03  0.08432834776311528
0.04  0.11638826546889858
0.05  0.15663846213875715
0.06  0.20556126884530224
0.07  0.26304977783155564
0.08  0.32823777859428455
0.09  0.3993866668766372
0.1  0.47386397372396605
0.11  0.5482396049560616
0.12  0.6185096263299021
0.13  0.6804356868333233
0.14  0.7299650828705845
0.15  0.7636772713282897
0.16  0.7791923496797082
0.17  0.775478940966465
0.18  0.7530135061731511
0.19  0.7137675692123041
0.2  0.6610282155775103
0.21  0.5990837932163942
0.22  0.5328249053002199
0.23  0.46731682943281616
0.24  0.40739319085922054
0.25  0.3573053387993086
0.26  0.32044317162348
0.27  0.29912749235486746
0.28  0.2944662389782484
0.29  0.306268855472158
0.3  0.3330225297269617
0.31  0.37194565351186537
0.32  0.4191408455222876
0.33  0.46986647565959855
0.34  0.5189295410817594
0.35000000000000003  0.5611764895146922
0.36  0.5920291992321877
0.37  0.6079903247334728
0.38  0.6070344024499151
0.39  0.5888133220792093
0.4  0.554635837228476
0.41000000000000003  0.5072235381585987
0.42  0.4502891034973482
0.43  0.38801532646167136
0.44  0.3245273085252788
0.45  0.2634429395793849
0.46  0.2075619747598885
0.47000000000000003  0.15871968387761198
0.48  0.11779669167959525
0.49  0.08485027267320447
0.5  0.05931852756103541
0.51  0.040247965154984335
0.52  0.026504134346922423
0.53  0.0169394481696837
0.54  0.010507531823430265
0.55  0.006325835875425274
0.56  0.003696160592224714
0.5700000000000001  0.002096039315103998
0.58  0.001153622397634082
0.59  0.0006162310633860164
0.6  0.0003194766650273691
0.61  0.00016074985713630945
0.62  7.850547793479257e-05
0.63  3.7325794502600163e-05
0.64  1.9442066541384122e-05
0.65  3.825665579901917e-05
0.66  0.00027509106503152664
0.67  0.0016346755536058104
0.68  0.006699801641391443
0.6900000000000001  0.019128332963086535
0.7000000000000001  0.03981460664781474
0.71  0.06628729154340812
0.72  0.0996498405165062
0.73  0.14183126912312133
0.74  0.17899397369594386
0.75  0.18484525694556322
0.76  0.14992602681886846
0.77  0.09418147041635733
0.78  0.045649699540633665
0.79  0.017057931738097963
0.8  0.004913152018975942
0.81  0.0010907569158207125
0.8200000000000001  0.00018667241291331642
0.8300000000000001  2.532458822648574e-05
0.84  1.7543754759779826e-05
0.85  0.0002189647815626376
0.86  0.002173099635022227
0.87  0.014744166361167956
0.88  0.06855472945627415
0.89  0.2245280356718016
0.9  0.5527470276408092
0.91  0.960193063374253
0.92  0.9605513853171621
0.93  0.5590949585441656
0.9400000000000001  0.2323508420212125
0.9500000000000001  0.07234782542456906
0.96  0.015813596336149604
0.97  0.002367357753698855
0.98  0.0002420657611397432
0.99  1.6903846664212542e-05
