0.0  0.034438914674370616
0.01  0.05355335391312521
0.02  0.06396334634867358
0.03  0.05867903479014419
0.04  0.041346812047022036
0.05  0.022377335928584197
0.06  0.009302121687958385
0.07  0.002970044352829747
0.08  0.0007283684682039127
0.09  0.00013719763384329302
0.1  1.9849491689467694e-05
0.11  2.205766016078578e-06
0.12  1.8826811582925462e-07
0.13  1.2342450510112828e-08
0.14  6.214887851400955e-10
0.15  2.4036569611897328e-11
0.16  7.140351113658364e-13
0.17  1.629485620579747e-14
0.18  2.937748104030195e-16
0.19  2.6843605156082832e-17
0.2  6.316074926541572e-17
0.21  1.7065723561611745e-16
0.22  4.545522222611708e-16
0.23  1.1927614824407005e-15
0.24  3.0834248721386085e-15
0.25  7.852773642370866e-15
0.26  1.9702563202292095e-14
0.27  4.8700376887074276e-14
0.28  1.1859103452121737e-13
0.29  2.844993874200151e-13
0.3  6.723892418727011e-13
0.31  1.5655614517312006e-12
0.32  3.5911159262869753e-12
0.33  8.115189642668607e-12
0.34  1.80666596880012e-11
0.35000000000000003  3.962479217595176e-11
0.36  8.561819609979962e-11
0.37  1.8225317041728447e-10
0.38  3.8220296600079963e-10
0.39  7.896287576653818e-10
0.4  1.6071699470745156e-09
0.41000000000000003  3.222631082567847e-09
0.42  6.366039410842452e-09
0.43  1.238904974708203e-08
0.44  2.3752898518550028e-08
0.45  4.486474175948462e-08
0.46  8.348408159905735e-08
0.47000000000000003  1.5304252347861162e-07
0.48  2.763952051845039e-07
0.49  4.917663794551189e-07
0.5  8.619798345198009e-07
0.51  1.4884879401446543e-06
0.52  2.532231910114759e-06
0.53  4.243962881470495e-06
0.54  7.007282377531957e-06
0.55  1.139823491904936e-05
0.56  1.826566679106568e-05
0.5700000000000001  2.8836556665544003e-05
0.58  4.484987252297557e-05
0.59  6.872092046501576e-05
0.6  0.00010373532344348224
0.61  0.00015426745164972758
0.62  0.00022601220278014033
0.63  0.000326211609672243
0.64  0.0004638492737988773
0.65  0.0006497769351731511
0.66  0.0008967298867269328
0.67  0.0012191831217075125
0.68  0.0016330000359185714
0.6900000000000001  0.0021548323022215947
0.7000000000000001  0.002801245906705764
0.71  0.003587581463335757
0.72  0.004526635503849505
0.73  0.005627476457200572
0.74  0.006895363449140555
0.75  0.008335293337403423
0.76  0.009964229709836809
0.77  0.011838200487384194
0.78  0.01409293208152687
0.79  0.016971803503385546
0.8  0.020779949698458984
0.81  0.02570216590795294
0.8200000000000001  0.03151305553265801
0.8300000000000001  0.03737094555678167
0.84  0.041959101231694565
0.85  0.044042616991170624
0.86  0.04313160034784164
0.87  0.039757353209329604
0.88  0.03513892135159366
0.89  0.0305112616729644
0.9  0.026608893458539708
0.91  0.023574291699099265
0.92  0.021187395497607293
0.93  0.01914944676291139
0.9400000000000001  0.01724722505950021
0.9500000000000001  0.015384584523432873
0.96  0.013547536884358379
0.97  0.011761099969107883
0.98  0.010060843077311258
0.99  0.008479173401339737
