0.0  8.237506474710375e-10
0.01  2.576111458369561e-09
0.02  7.766750925371879e-09
0.03  2.2573007608273092e-08
0.04  6.32408233172541e-08
0.05  1.7078654492397148e-07
0.06  4.4458207987560024e-07
0.07  1.1155495839988455e-06
0.08  2.6981262120969152e-06
0.09  6.290291164619319e-06
0.1  1.4135575103521825e-05
0.11  3.0618922886924106e-05
0.12  6.392925835554147e-05
0.13  0.00012865969412458473
0.14  0.0002495848933510215
0.15  0.0004666882896352774
0.16  0.0008411399740605869
0.17  0.0014613100274064098
0.18  0.002447085606859496
0.19  0.003949923386058335
0.2  0.006145552289319543
0.21  0.009216498392158178
0.22  0.013323056042547701
0.23  0.01856413654991938
0.24  0.02493324713738532
0.25  0.03227872755080842
0.26  0.04027985390445432
0.27  0.04845001979835644
0.28  0.05617404243611767
0.29  0.06277904723281043
0.3  0.0676291293125981
0.31  0.07022590918362855
0.32  0.0702931398122744
0.33  0.06782555542107106
0.34  0.06309007960496484
0.35000000000000003  0.056579115821221986
0.36  0.04892733567712338
0.37  0.04081153549628041
0.38  0.032855449310695395
0.39  0.025557689346549887
0.4  0.01925303434714789
0.41000000000000003  0.014108033270115936
0.42  0.010144216624777077
0.43  0.007277966902049758
0.44  0.005365709282047269
0.45  0.004245680122228786
0.46  0.0037714806520884377
0.47000000000000003  0.003836104556347308
0.48  0.004386656691591205
0.49  0.005428972741095293
0.5  0.007018768318558262
0.51  0.009234612102642932
0.52  0.012131649848873773
0.53  0.015685386385773836
0.54  0.0197483628693597
0.55  0.024049695571865315
0.56  0.028257981122729266
0.5700000000000001  0.03210051817198769
0.58  0.03549883658718023
0.59  0.03866315938333109
0.6  0.04210049989720472
0.61  0.046526925034762086
0.62  0.052711918198580475
0.63  0.061300364133760055
0.64  0.07265113159610387
0.65  0.08671411178289679
0.66  0.10295714225484354
0.67  0.12035622489927342
0.68  0.13746778027729395
0.6900000000000001  0.1525961786093934
0.7000000000000001  0.16404693950514307
0.71  0.17042285996107565
0.72  0.1708934437707458
0.73  0.16536330426669932
0.74  0.1544887047181857
0.75  0.1395356113812385
0.76  0.12212022997405374
0.77  0.10390526655937599
0.78  0.08633074679730282
0.79  0.07043770772628452
0.8  0.056807376712114374
0.81  0.04560269439456448
0.8200000000000001  0.036675436745335674
0.8300000000000001  0.029695646431638863
0.84  0.024267997578576648
0.85  0.020015089941899943
0.86  0.01662314943023021
0.87  0.013856401536083376
0.88  0.011551080261525817
0.89  0.00959981083725002
0.9  0.007934214683434226
0.91  0.006510099997420911
0.92  0.005296784480291589
0.93  0.004270375282909822
0.9400000000000001  0.00341008298562233
0.9500000000000001  0.00269653113864042
0.96  0.0021112102516539747
0.97  0.001636491414709243
0.98  0.0012558480209294062
0.99  0.0009540997172086576
