0.0  0.15773109246206596
0.01  0.1709779740307934
0.02  0.18321811994603718
0.03  0.19412945347734326
0.04  0.20342941771912698
0.05  0.21089129018424319
0.06  0.21635830973203948
0.07  0.2197556689309655
0.08  0.2211022990036071
0.09  0.22052900947599552
0.1  0.21832016161493822
0.11  0.21501477452332302
0.12  0.2116197760542764
0.13  0.20996202462986302
0.14  0.21306585294664998
0.15  0.22516762381184627
0.16  0.25075677389857226
0.17  0.29230571300011743
0.18  0.3474157722724639
0.19  0.4073994073459925
0.2  0.4593616678383199
0.21  0.4916820220871501
0.22  0.4997509181245825
0.23  0.48788732043449307
0.24  0.46600645493302584
0.25  0.44360561145587524
0.26  0.42527576109457077
0.27  0.4100621411878915
0.28  0.3938715794668977
0.29  0.3725558781501314
0.3  0.3438781270622885
0.31  0.3079683925491331
0.32  0.26678375365263096
0.33  0.22322569261399833
0.34  0.1803251073497153
0.35000000000000003  0.1406583251892035
0.36  0.10602326000307188
0.37  0.07734799934117788
0.38  0.0547768497991941
0.39  0.03786468963693903
0.4  0.025810058575938655
0.41000000000000003  0.01767084566229423
0.42  0.012528370345323264
0.43  0.009588382066814671
0.44  0.008225131460410458
0.45  0.007986241715116952
0.46  0.008590949294627453
0.47000000000000003  0.010003802889604117
0.48  0.012792760082571629
0.49  0.019075510818063003
0.5  0.03381674714953849
0.51  0.06439003076602845
0.52  0.11500660207625227
0.53  0.1771389365768219
0.54  0.22680390475750947
0.55  0.23891010432510276
0.56  0.20868222978276146
0.5700000000000001  0.15609529033749772
0.58  0.10786989141781633
0.59  0.07827532064524997
0.6  0.06636783906974393
0.61  0.06480557858758387
0.62  0.06741151424069924
0.63  0.0710526697880575
0.64  0.0745712544270217
0.65  0.07760146766613163
0.66  0.080008888185704
0.67  0.08171991154399597
0.68  0.08268626512459953
0.6900000000000001  0.08288084765448307
0.7000000000000001  0.08229818661702273
0.71  0.08095461516260151
0.72  0.07888750498070912
0.73  0.07615353856652346
0.74  0.07282612703249912
0.75  0.06899213723006764
0.76  0.0647481316235536
0.77  0.060196347539151054
0.78  0.05544064810839589
0.79  0.05058266582586789
0.8  0.04571833303953043
0.81  0.04093495503035737
0.8200000000000001  0.03630893461392027
0.8300000000000001  0.031904206811263415
0.84  0.027771392431489298
0.85  0.02394763425141947
0.86  0.02045704193566901
0.87  0.017311643972271577
0.88  0.014512727675445035
0.89  0.012052441654025579
0.9  0.009915538087928976
0.91  0.008081143040958428
0.92  0.006524459786991779
0.93  0.005218330494802004
0.9400000000000001  0.0041346034329846505
0.9500000000000001  0.0032452742096571946
0.96  0.0025233889305608147
0.97  0.001943713479132287
0.98  0.0014831857929381606
0.99  0.0011211768577374058
