0.0  1.621611053891226e-10
0.01  3.6349168136825754e-10
0.02  8.809959839643413e-10
0.03  2.275614915801506e-09
0.04  6.089144411219131e-09
0.05  1.6397451021444773e-08
0.06  4.347169487009507e-08
0.07  1.1185278287000393e-07
0.08  2.769363172483433e-07
0.09  6.565245959854812e-07
0.1  1.4860046938364673e-06
0.11  3.2060434909802508e-06
0.12  6.586841896664525e-06
0.13  1.2879305680549671e-05
0.14  2.3958703913004176e-05
0.15  4.239335880270327e-05
0.16  7.134132700106638e-05
0.17  0.00011417297087646821
0.18  0.00017376097962841419
0.19  0.0002514848172403145
0.2  0.00034614813684818996
0.21  0.0004531519128074754
0.22  0.0005643232176372879
0.23  0.0006687002293850438
0.24  0.0007543062962846043
0.25  0.0008105849104706644
0.26  0.0008308597839785142
0.27  0.0008140828852721677
0.28  0.0007653140539111851
0.29  0.0006947849298246724
0.3  0.0006158707976049644
0.31  0.0005426285824830805
0.32  0.00048762835836750574
0.33  0.00046060853800433774
0.34  0.0004681367104403937
0.35000000000000003  0.0005141199603340107
0.36  0.0006008059961450064
0.37  0.0007298932050258134
0.38  0.0009034916636352665
0.39  0.0011248824287800985
0.4  0.0013992542046765654
0.41000000000000003  0.0017348253031817097
0.42  0.002144961708059035
0.43  0.002652231742855812
0.44  0.0032984478703246434
0.45  0.004187024801209697
0.46  0.005654520987631105
0.47000000000000003  0.008635378999541579
0.48  0.014559139208193357
0.49  0.023384829364213294
0.5  0.031403262417170154
0.51  0.034166198128696014
0.52  0.03224812778813973
0.53  0.030102928539251766
0.54  0.030134854289966883
0.55  0.03148881466379149
0.56  0.03272051713066351
0.5700000000000001  0.03322119750046558
0.58  0.03301984047811332
0.59  0.03236962625519683
0.6  0.03153305942853868
0.61  0.030689707149989153
0.62  0.029910674887927136
0.63  0.029179083603128736
0.64  0.028435634340373845
0.65  0.028755706409188467
0.66  0.04822207888417479
0.67  0.03730612303654044
0.68  0.02470734071825311
0.6900000000000001  0.02337336221172477
0.7000000000000001  0.02223126350457274
0.71  0.02113602447818683
0.72  0.020109695156860927
0.73  0.019160891354223625
0.74  0.01828864784153363
0.75  0.017488032792663408
0.76  0.01675567708595667
0.77  0.016093852449900047
0.78  0.015512311859639192
0.79  0.015027735156864765
0.8  0.014661175316709619
0.81  0.014434275270747548
0.8200000000000001  0.014365170629962423
0.8300000000000001  0.014464917687259441
0.84  0.014735046290673407
0.85  0.015166519117708194
0.86  0.015740069610127774
0.87  0.016427656606906045
0.88  0.017194647679690554
0.89  0.018002324645695858
0.9  0.01881036781194337
0.91  0.019579082344919646
0.92  0.020271243887526453
0.93  0.020853534251446107
0.9400000000000001  0.021297598390604567
0.9500000000000001  0.021580780098954172
0.96  0.02168659364149154
0.97  0.021604973131686946
0.98  0.02133232181005564
0.99  0.02087136746914929
