0.0  0.1010038444050601
0.01  0.11646230281703006
0.02  0.13301417541259675
0.03  0.1504789336433219
0.04  0.16862382213981061
0.05  0.18716642388165847
0.06  0.20578005478012115
0.07  0.22410201453939338
0.08  0.24174452957881515
0.09  0.25830802633826533
0.1  0.2733961865372474
0.11  0.2866320775257714
0.12  0.2976745369512655
0.13  0.3062339343902241
0.14  0.3120864410543788
0.15  0.3150860134914343
0.16  0.3151734327172433
0.17  0.3123819241123953
0.18  0.3068390978377288
0.19  0.29876517306665173
0.2  0.2884676596494028
0.21  0.27633284755604814
0.22  0.26281458209398667
0.23  0.2484208732117309
0.24  0.2336989006557241
0.25  0.21921894275754994
0.26  0.20555769232452117
0.27  0.19328135064703025
0.28  0.1829288333285525
0.29  0.1749953993685021
0.3  0.16991703959826113
0.31  0.1680560324983131
0.32  0.16968818144469353
0.33  0.1749923614773775
0.34  0.18404309012797243
0.35000000000000003  0.19680685646073898
0.36  0.21314286024346005
0.37  0.2328086066373569
0.38  0.25547046846851723
0.39  0.2807188900143251
0.4  0.3080874102259629
0.41000000000000003  0.33707419674303946
0.42  0.3671643834125944
0.43  0.3978512700828871
0.44  0.42865443498864286
0.45  0.4591330587733504
0.46  0.48889325854144094
0.47000000000000003  0.5175889324365778
0.48  0.5449164351829128
0.49  0.5706042321222915
0.5  0.5943993937802493
0.51  0.616053285347354
0.52  0.6353089947220999
0.53  0.651892890725957
0.54  0.6655122216179742
0.55  0.6758599142998271
0.56  0.6826268191485657
0.5700000000000001  0.6855206955402007
0.58  0.6842903961320744
0.59  0.67875313874407
0.6  0.6688226121887574
0.61  0.6545361000006221
0.62  0.6360799238564048
0.63  0.6138142173608792
0.64  0.5882998035252487
0.65  0.5603304722522795
0.66  0.5309711280435369
0.67  0.5015938998417905
0.68  0.47389004175566984
0.6900000000000001  0.4498197180658549
0.7000000000000001  0.43145568364465214
0.71  0.4206964304978104
0.72  0.41888307250311463
0.73  0.42645226512392
0.74  0.44287018338966216
0.75  0.4671523882288046
0.76  0.49913919299072107
0.77  0.5411659955684655
0.78  0.5988336354244161
0.79  0.6789409436258131
0.8  0.7837449368656072
0.81  0.9042027820476062
0.8200000000000001  1.0181773581764333
0.8300000000000001  1.0979485446663169
0.84  1.1237682462908856
0.85  1.0935213304113063
0.86  1.0210115016214127
0.87  0.9253998482688057
0.88  0.8212019127270942
0.89  0.71541754102428
0.9  0.6106740820557344
0.91  0.5092366812626468
0.92  0.4145074109930063
0.93  0.3301693924068447
0.9400000000000001  0.25875547979791114
0.9500000000000001  0.20092307920395552
0.96  0.1556390520918054
0.97  0.12086674061620384
0.98  0.09429241528225901
0.99  0.07382892252736394
