0.0  0.015634124162592744
0.01  0.031694748257115664
0.02  0.06030992770598047
0.03  0.10713109954298988
0.04  0.17702292175405668
0.05  0.2716066329787247
0.06  0.38685645270006935
0.07  0.5122050147169036
0.08  0.6323185694490049
0.09  0.7313794848787335
0.1  0.7980674546188964
0.11  0.8287087369160123
0.12  0.8270059204030795
0.13  0.8008126225388456
0.14  0.758087991376411
0.15  0.7043049227468616
0.16  0.6423289098612301
0.17  0.5742717465475956
0.18  0.5040669951932039
0.19  0.43954959052663356
0.2  0.39292990950544143
0.21  0.3783547134739297
0.22  0.40563385412350245
0.23  0.47164229268450614
0.24  0.554830281881927
0.25  0.6195817976146017
0.26  0.6317119903371654
0.27  0.5766641243318505
0.28  0.4674180268732789
0.29  0.33612063592533276
0.3  0.21622092047152444
0.31  0.12804252146758094
0.32  0.07542199191698795
0.33  0.05135190988587296
0.34  0.045748370534998924
0.35000000000000003  0.050371507241315804
0.36  0.06011945653525298
0.37  0.07230067207071521
0.38  0.08551853545728079
0.39  0.09891006996356139
0.4  0.11180657917936539
0.41000000000000003  0.12365689992386517
0.42  0.13406726254792925
0.43  0.14287390846207762
0.44  0.15020657099730714
0.45  0.15652118490591027
0.46  0.16259095331412854
0.47000000000000003  0.1694539961751042
0.48  0.17832847518735664
0.49  0.1905389910376677
0.5  0.20761395396823001
0.51  0.23203047517137107
0.52  0.26945029572055357
0.53  0.33232666032132085
0.54  0.4402226831013911
0.55  0.6073060712530461
0.56  0.816552096362868
0.5700000000000001  1.0077302739448735
0.58  1.1218218654827483
0.59  1.102615452880808
0.6  0.9982615116506387
0.61  0.8970492049312863
0.62  0.8244573773757482
0.63  0.7801070367755402
0.64  0.7493833204019414
0.65  0.7222596826325921
0.66  0.696619833311806
0.67  0.6737718839871003
0.68  0.6547251141254802
0.6900000000000001  0.6398952512544426
0.7000000000000001  0.631618338272366
0.71  0.6360786413207513
0.72  0.6582013798953568
0.73  0.688061701932573
0.74  0.6941253159285556
0.75  0.6426702766149545
0.76  0.53086879454586
0.77  0.39345287001915696
0.78  0.2728527235186644
0.79  0.1891871130530385
0.8  0.13846667280548303
0.81  0.10807099886333324
0.8200000000000001  0.08812021807260012
0.8300000000000001  0.07351028473072335
0.84  0.06202185375875534
0.85  0.052643423060195114
0.86  0.044820662986304716
0.87  0.03819648975325117
0.88  0.032518884306514485
0.89  0.02760205060929463
0.9  0.023307875852893085
0.91  0.019535721662286863
0.92  0.016214970900918783
0.93  0.013297985216606367
0.9400000000000001  0.010752970828679197
0.9500000000000001  0.00855714806852682
0.96  0.00669089898012455
0.97  0.005133470608346897
0.98  0.003860519051453443
0.99  0.0028434327245921084
