0.0  0.15650473429794898
0.01  0.1819950266490118
0.02  0.2042681634626044
0.03  0.22139057680111263
0.04  0.23186755241027174
0.05  0.23490350386070985
0.06  0.23054753914480128
0.07  0.21968811161273966
0.08  0.2038975008369145
0.09  0.18516365007248106
0.1  0.16557207843540708
0.11  0.14700711765456576
0.12  0.1309292487617718
0.13  0.1182597564899071
0.14  0.10937462061613229
0.15  0.10418550527336287
0.16  0.10227248416868628
0.17  0.10303177155950312
0.18  0.10580940039226651
0.19  0.1100037795274465
0.2  0.1151318184402026
0.21  0.12086184129694978
0.22  0.12702081228579856
0.23  0.13358403791916454
0.24  0.14065389608048656
0.25  0.14843174520229419
0.26  0.1571850874715073
0.27  0.16721085891295548
0.28  0.17879549109373102
0.29  0.19217292677843134
0.3  0.20748273058431213
0.31  0.22473145094172603
0.32  0.24376114318024483
0.33  0.26422921563039914
0.34  0.28560336682287674
0.35000000000000003  0.3071743044340499
0.36  0.3280872513612233
0.37  0.3473911377062098
0.38  0.36410212822007804
0.39  0.3772760770849786
0.4  0.38608297306755146
0.41000000000000003  0.38987571871653576
0.42  0.3882458459678159
0.43  0.38106002510713277
0.44  0.36847332958609563
0.45  0.3509178871011968
0.46  0.3290683949268866
0.47000000000000003  0.3037886140423338
0.48  0.2760651959320887
0.49  0.2469378699725618
0.5  0.21744271133453152
0.51  0.18861091073182432
0.52  0.16162247077380648
0.53  0.13825003076007084
0.54  0.12150709047116755
0.55  0.11575557890455697
0.56  0.12730356011103017
0.5700000000000001  0.1601529305431567
0.58  0.17713677328721458
0.59  0.1765630051594887
0.6  0.1604969635442997
0.61  0.12521256481454335
0.62  0.08369074554595131
0.63  0.04923725914272073
0.64  0.02727692371918167
0.65  0.01602669961560398
0.66  0.01118703244690253
0.67  0.009337292245694986
0.68  0.008700407146915402
0.6900000000000001  0.008604696314124435
0.7000000000000001  0.008883103114798105
0.71  0.009563553383813563
0.72  0.01076234993733967
0.73  0.012657004880553676
0.74  0.015478793035749665
0.75  0.019505449793300534
0.76  0.02504815396130728
0.77  0.032430494958038306
0.78  0.04195851887268065
0.79  0.05388245818854865
0.8  0.06835309835873753
0.81  0.08538051951410384
0.8200000000000001  0.10481537795554172
0.8300000000000001  0.12640206653881744
0.84  0.14999263158996234
0.85  0.1759792203305194
0.86  0.20572004442884095
0.87  0.2411794271257279
0.88  0.2828727232006486
0.89  0.32667142012697686
0.9  0.3625817237080728
0.91  0.378707265781445
0.92  0.36883001289389805
0.93  0.33698546648150446
0.9400000000000001  0.29442435385626314
0.9500000000000001  0.25205999096013476
0.96  0.21533779798984562
0.97  0.18448822117879124
0.98  0.15762598119140644
0.99  0.13319315073868115
