0.0  0.014183105112603234
0.01  0.018003590183011203
0.02  0.02262349487339065
0.03  0.028144507862590536
0.04  0.034664089130426325
0.05  0.042270260046659694
0.06  0.05103566622483839
0.07  0.06101111893511192
0.08  0.07221890590188712
0.09  0.08464624295551883
0.1  0.0982393061117833
0.11  0.11289833064679243
0.12  0.1284742815671859
0.13  0.1447675821150992
0.14  0.16152932987573537
0.15  0.1784653334985812
0.16  0.19524317063198637
0.17  0.21150230621679844
0.18  0.22686712811234577
0.19  0.24096256144513203
0.2  0.25343171772697964
0.21  0.2639548183275909
0.22  0.27226839973727385
0.23  0.2781835589851796
0.24  0.2816017451636209
0.25  0.2825263894259671
0.26  0.28106857177151673
0.27  0.2774450647429371
0.28  0.27196759959724015
0.29  0.2650231603038108
0.3  0.2570465141962101
0.31  0.24848786475481824
0.32  0.2397801106331467
0.33  0.23131123000594922
0.34  0.2234072847027953
0.35000000000000003  0.21633012873609014
0.36  0.2102911358477021
0.37  0.2054786122523241
0.38  0.20209294129540376
0.39  0.2003810658496733
0.4  0.20066174862742933
0.41000000000000003  0.20333587089044083
0.42  0.20888183577507533
0.43  0.2178438762464876
0.44  0.2308282007206883
0.45  0.24852411281218492
0.46  0.27175880879950803
0.47000000000000003  0.30157074662954064
0.48  0.3392485742054854
0.49  0.3862442057953229
0.5  0.443857974778751
0.51  0.5126446209802636
0.52  0.5916169389534062
0.53  0.6774987797842078
0.54  0.7644147166706775
0.55  0.8443900271277731
0.56  0.9088066726045397
0.5700000000000001  0.9505636260379685
0.58  0.9662842387493894
0.59  0.9577044869126129
0.6  0.9315069555843527
0.61  0.8973476343030478
0.62  0.864529431494335
0.63  0.8384665273992649
0.64  0.818433556446834
0.65  0.7977963016606224
0.66  0.7669069085791489
0.67  0.7175039688612734
0.68  0.6465585642622923
0.6900000000000001  0.5577177224460869
0.7000000000000001  0.45979413670751446
0.71  0.3633253124859473
0.72  0.2770637342527384
0.73  0.20592899693386824
0.74  0.1508678137233712
0.75  0.1100503174661105
0.76  0.0804406076691714
0.77  0.0590099706938168
0.78  0.04333980993676286
0.79  0.03172984911247405
0.8  0.023055497960406124
0.81  0.016571449361967708
0.8200000000000001  0.01175748040205289
0.8300000000000001  0.00822533225694416
0.84  0.005671197552382226
0.85  0.003853275319868764
0.86  0.0025801512721590663
0.87  0.0017028429789627405
0.88  0.0011078427142370074
0.89  0.0007105746540325205
0.9  0.0004493788717274266
0.91  0.0002802316031301983
0.92  0.00017232151580952527
0.93  0.0001044918971531558
0.9400000000000001  6.247933527657682e-05
0.9500000000000001  3.68365821663802e-05
0.96  2.1413124156544762e-05
0.97  1.2271544734793666e-05
0.98  6.932529170809017e-06
0.99  3.8601861764397665e-06
