0.0  0.017424273346572563
0.01  0.02085878493783149
0.02  0.02458692885173503
0.03  0.02853807276906653
0.04  0.032620293587382575
0.05  0.036724225556368756
0.06  0.040729522625166534
0.07  0.044513894236758514
0.08  0.04796440564693063
0.09  0.05099044327108714
0.1  0.05353745046786123
0.11  0.05560025818633207
0.12  0.05723458985229842
0.13  0.058565140531464985
0.14  0.05978855978892672
0.15  0.06116976431294305
0.16  0.06303033952302883
0.17  0.06572842341758044
0.18  0.06963043337626787
0.19  0.07507626375990128
0.2  0.0823410165572674
0.21  0.09159768216659175
0.22  0.10288611790764254
0.23  0.1160937960682268
0.24  0.13095279753578343
0.25  0.14705529933296888
0.26  0.16388655776744931
0.27  0.18087072133610577
0.28  0.19742164241314125
0.29  0.21298923354946092
0.3  0.22709265047755492
0.31  0.23933490130969984
0.32  0.24939874711192275
0.33  0.25702950202242836
0.34  0.26201462934183095
0.35000000000000003  0.26417114531563535
0.36  0.263349019957089
0.37  0.2594526666738263
0.38  0.25247525813177923
0.39  0.2425346902310823
0.4  0.229897855986453
0.41000000000000003  0.21498244326542756
0.42  0.19833188776016453
0.43  0.1805670697589183
0.44  0.1623249962314739
0.45  0.1441978484953211
0.46  0.1266846452214314
0.47000000000000003  0.11016321957070431
0.48  0.09488416854860358
0.49  0.08098303128843838
0.5  0.06850370330263317
0.51  0.05742547310003177
0.52  0.04768758690960207
0.53  0.03920786951593876
0.54  0.03189502393883572
0.55  0.02568474709450839
0.56  0.02128391585689831
0.5700000000000001  0.026293678335773136
0.58  0.06106447686962472
0.59  0.10439857367294578
0.6  0.08352375586752248
0.61  0.030660753415752914
0.62  0.007354055110349098
0.63  0.0029981918343929973
0.64  0.002001039096111599
0.65  0.0014057807546627391
0.66  0.0009818003229409128
0.67  0.0006863557279771183
0.68  0.0004900796596817292
0.6900000000000001  0.0003719410524358807
0.7000000000000001  0.00031855364763834856
0.71  0.0003236612361661297
0.72  0.0003878213463725958
0.73  0.0005183161981781463
0.74  0.0007293065195502805
0.75  0.001042288470782023
0.76  0.0014870850018186377
0.77  0.0021040077871208717
0.78  0.002948578266439453
0.79  0.004101292400974971
0.8  0.005685971410448004
0.81  0.007900159050555017
0.8200000000000001  0.011057856578503746
0.8300000000000001  0.01563648087766957
0.84  0.022305880532804762
0.85  0.0319017773495561
0.86  0.045299801184315536
0.87  0.0631638200385239
0.88  0.08559243893280431
0.89  0.11176079026713592
0.9  0.13971654987900117
0.91  0.16649133842543068
0.92  0.1885999451527261
0.93  0.202838097238037
0.9400000000000001  0.20712868746526378
0.9500000000000001  0.20110088277996369
0.96  0.1861700991159611
0.97  0.16508894971033794
0.98  0.14115664988093546
0.99  0.11739414815235258
