0.0  0.004479457168653433
0.01  0.007481717335955052
0.02  0.01219174635871645
0.03  0.01937551024673145
0.04  0.030022808819121838
0.05  0.04535143110709029
0.06  0.06677843833378419
0.07  0.09584702626767766
0.08  0.1341013082436606
0.09  0.1829089229745555
0.1  0.24324215928144274
0.11  0.31544069167636735
0.12  0.3989903335943705
0.13  0.49235913738792036
0.14  0.592931674268608
0.15  0.697072699520293
0.16  0.8003331092276402
0.17  0.89778707294848
0.18  0.9844644519028592
0.19  1.0558228601624784
0.2  1.1081939469734912
0.21  1.1391412853958192
0.22  1.147682079460306
0.23  1.134348152455988
0.24  1.1010878314635946
0.25  1.0510336141691643
0.26  0.9881764693318427
0.27  0.9169942499172413
0.28  0.8420795052583373
0.29  0.7678033869202957
0.3  0.6980405861794747
0.31  0.6359682908319989
0.32  0.5839420189454557
0.33  0.5434437532737174
0.34  0.5150930432690748
0.35000000000000003  0.49870917901197664
0.36  0.49341161095128994
0.37  0.49774605154914053
0.38  0.5098248443693065
0.39  0.5274719602534104
0.4  0.5483650736677356
0.41000000000000003  0.5701692269187744
0.42  0.5906582651089398
0.43  0.6078213020852357
0.44  0.6199519386130664
0.45  0.6257179874638914
0.46  0.6242093947618806
0.47000000000000003  0.6149622362287057
0.48  0.5979573706548444
0.49  0.573593635672033
0.5  0.5426372599446583
0.51  0.506151167637667
0.52  0.46540970860199954
0.53  0.42180571319302096
0.54  0.3767573860805022
0.55  0.3316223029421924
0.56  0.2876246988952616
0.5700000000000001  0.24580051706578437
0.58  0.20696259339681672
0.59  0.17168621227649783
0.6  0.1403134680162399
0.61  0.11297421039747937
0.62  0.08962452427024388
0.63  0.07011934339554679
0.64  0.05438401500505924
0.65  0.04285210046463774
0.66  0.03744676260339954
0.67  0.043239928692747134
0.68  0.07004684727735565
0.6900000000000001  0.1315570497593934
0.7000000000000001  0.238812624898884
0.71  0.38804219235287735
0.72  0.5504197680277243
0.73  0.67611982603996
0.74  0.717283167920894
0.75  0.656546129152823
0.76  0.5182985372053238
0.77  0.35283291103777775
0.78  0.20711621793113225
0.79  0.10484071508715355
0.8  0.04576950613232855
0.81  0.01723874577830438
0.8200000000000001  0.005606713806261933
0.8300000000000001  0.0015785021787246322
0.84  0.000387460806075247
0.85  8.479220047520387e-05
0.86  1.7725749380312873e-05
0.87  4.19923928753747e-06
0.88  1.3809579250552254e-06
0.89  6.101664002460601e-07
0.9  3.033300132371858e-07
0.91  1.5393998705070312e-07
0.92  7.752987991430911e-08
0.93  3.8512181877044604e-08
0.9400000000000001  1.884752604993349e-08
0.9500000000000001  9.085795380230488e-09
0.96  4.314342787396015e-09
0.97  2.017945127762519e-09
0.98  9.297115871131722e-10
0.99  4.219226398625207e-10
