0.0  0.2197382867821155
0.01  0.26570030742354017
0.02  0.3506682859798318
0.03  0.5205543222892879
0.04  0.7282384467513633
0.05  0.7933199310167862
0.06  0.6639732665538727
0.07  0.5085883153193809
0.08  0.43633114776727416
0.09  0.4186730371026673
0.1  0.4142978598865793
0.11  0.41093558695168364
0.12  0.40839976312643134
0.13  0.4083893655047214
0.14  0.41244475959540094
0.15  0.4216203073714139
0.16  0.4363745816633863
0.17  0.45653788125468364
0.18  0.4813464829770861
0.19  0.5095323335400577
0.2  0.5394523480986725
0.21  0.5692398686403591
0.22  0.5969617560197747
0.23  0.6207671586099716
0.24  0.639017317225163
0.25  0.6503891342689697
0.26  0.6539482553898613
0.27  0.6491899576592489
0.28  0.6360482600368456
0.29  0.614875481792519
0.3  0.5863960536210534
0.31  0.5516397376879333
0.32  0.511860463614296
0.33  0.4684476234304912
0.34  0.4228367844052486
0.35000000000000003  0.37642632175546037
0.36  0.3305054695936845
0.37  0.28619784569657514
0.38  0.24442279533408734
0.39  0.20587512589702814
0.4  0.17102216908309067
0.41000000000000003  0.14011577806843942
0.42  0.11321595375826327
0.43  0.0902223407264808
0.44  0.07090981973547363
0.45  0.05496477814696088
0.46  0.04201925733756261
0.47000000000000003  0.03168093976348618
0.48  0.023557735441003858
0.49  0.017276465752754478
0.5  0.012495757213372012
0.51  0.008913716192217907
0.52  0.006271255763542122
0.53  0.0043521146817895396
0.54  0.002980697316643468
0.55  0.0020189380868448257
0.56  0.001363507935425843
0.5700000000000001  0.000944815853419017
0.58  0.0007292344799946914
0.59  0.0007253754034736522
0.6  0.0009934666907078335
0.61  0.0016535657391088348
0.62  0.00288404600126928
0.63  0.0048987612224866105
0.64  0.007893249513872066
0.65  0.011960612748940003
0.66  0.016995764235115802
0.67  0.022625420936839495
0.68  0.02820800402413682
0.6900000000000001  0.03293159197377251
0.7000000000000001  0.035999505761007425
0.71  0.03684811193943318
0.72  0.03531548989553794
0.73  0.03169165712987343
0.74  0.026628926671348193
0.75  0.020950337960735622
0.76  0.015433232356169831
0.77  0.01064513468233675
0.78  0.006875017133145848
0.79  0.004157428058871961
0.8  0.0023539867861868675
0.81  0.0012479914512932022
0.8200000000000001  0.0006195088400154648
0.8300000000000001  0.000287946438208767
0.84  0.00012531533484934617
0.85  5.10651995288335e-05
0.86  1.9483822149158377e-05
0.87  6.9606788180191134e-06
0.88  2.328398752588277e-06
0.89  7.292752313110672e-07
0.9  2.1387200665290138e-07
0.91  5.8727952416638116e-08
0.92  1.5099561068047727e-08
0.93  3.6350681912967027e-09
0.9400000000000001  8.19388841444729e-10
0.9500000000000001  1.729409237876775e-10
0.96  3.417731845778152e-11
0.97  6.324349626401314e-12
0.98  1.0958320932655492e-12
0.99  1.7780920451110868e-13
