0.0  7.546574207744196e-05
0.01  0.0001254625709386609
0.02  0.0002106730662364795
0.03  0.00036290973776731964
0.04  0.0006509871466554717
0.05  0.001222082359224838
0.06  0.0023736290406002995
0.07  0.004655259487342443
0.08  0.008971419139044605
0.09  0.01660879540470409
0.1  0.029073571157124133
0.11  0.04764346085786303
0.12  0.07266682750189493
0.13  0.10285843569331977
0.14  0.13502120605736287
0.15  0.1645786428304482
0.16  0.1869439527818434
0.17  0.19923278689208976
0.18  0.20150099267204266
0.19  0.1968470118203024
0.2  0.19031268207101942
0.21  0.18715571557367316
0.22  0.1913247979880663
0.23  0.20472024181019333
0.24  0.22731143805515833
0.25  0.2577735768309905
0.26  0.29420280244578034
0.27  0.3346200840195799
0.28  0.3771968533322555
0.29  0.4202834920088329
0.3  0.4623582308819693
0.31  0.5019801416216727
0.32  0.5377804692095141
0.33  0.5684923165459462
0.34  0.5930044098252794
0.35000000000000003  0.6104230263264432
0.36  0.6201293492630325
0.37  0.6218233233150431
0.38  0.6155482913392321
0.39  0.6016933538030558
0.4  0.5809727618382314
0.41000000000000003  0.5543838215541749
0.42  0.523146679515846
0.43  0.48863084091641634
0.44  0.45227422227962766
0.45  0.41550089768664106
0.46  0.3796434728499171
0.47000000000000003  0.3458752937932985
0.48  0.31515659494050713
0.49  0.2881973685926094
0.5  0.2654383473240406
0.51  0.2470501644322913
0.52  0.23294959158483347
0.53  0.22283080331708477
0.54  0.21620890422512107
0.55  0.2124724680694025
0.56  0.21094155431586253
0.5700000000000001  0.21092755823439835
0.58  0.2117912907456558
0.59  0.2129958567585205
0.6  0.21415119643953112
0.61  0.2150475680628011
0.62  0.21567577988364794
0.63  0.21623261533121577
0.64  0.21711062986073656
0.65  0.21887231368711907
0.66  0.222209492990972
0.67  0.22788975955165158
0.68  0.23669264556837208
0.6900000000000001  0.2493391571778376
0.7000000000000001  0.26641909253775165
0.71  0.28832122552469125
0.72  0.3151718434467843
0.73  0.34678718656594776
0.74  0.3826449598900535
0.75  0.42187923944123307
0.76  0.4633018853466156
0.77  0.5054524311364446
0.78  0.5466783729739265
0.79  0.5852506894680088
0.8  0.6195274263355234
0.81  0.6481909601632874
0.8200000000000001  0.6705931155364089
0.8300000000000001  0.6872218517803199
0.84  0.7002162900987773
0.85  0.713684229364041
0.86  0.7333785276753251
0.87  0.7652511614700643
0.88  0.8127685773973767
0.89  0.8737031836925789
0.9  0.9380352998624798
0.91  0.988826427157158
0.92  1.0068303601672877
0.93  0.97747033937417
0.9400000000000001  0.8969694900631544
0.9500000000000001  0.7743860117158912
0.96  0.628401504368875
0.97  0.4806036554218843
0.98  0.3487031896328219
0.99  0.24261443237164187
