0.0  0.03894374135981269
0.01  0.060281661808674024
0.02  0.07229569772606523
0.03  0.06778015667275296
0.04  0.051228638953751564
0.05  0.03464128986104935
0.06  0.027024367833486895
0.07  0.02991981103239018
0.08  0.040875991038397966
0.09  0.06835401219608066
0.1  0.10563798380943878
0.11  0.09136294537297844
0.12  0.08996056115437207
0.13  0.09057757914647857
0.14  0.08454133008756454
0.15  0.0729656222649568
0.16  0.05823254030252893
0.17  0.0429745570095647
0.18  0.02932616752588792
0.19  0.018505356377678087
0.2  0.01079786439839174
0.21  0.005826083321730725
0.22  0.002906795353117053
0.23  0.0013410763087112268
0.24  0.0005721428495728347
0.25  0.00022574580533877485
0.26  8.242736981195294e-05
0.27  2.794901305683287e-05
0.28  8.979001977633816e-06
0.29  3.0546511580866623e-06
0.3  1.6334403215293888e-06
0.31  1.8325572036745725e-06
0.32  2.8965941510470603e-06
0.33  4.883071529583689e-06
0.34  8.283541433546724e-06
0.35000000000000003  1.4058789112966665e-05
0.36  2.4387642929197418e-05
0.37  5.029251401575477e-05
0.38  0.00017422425850367406
0.39  0.000864514652187831
0.4  0.0037566814534250583
0.41000000000000003  0.01174441198009622
0.42  0.02522683172017791
0.43  0.03688496215616381
0.44  0.0368391249880671
0.45  0.025760099368991714
0.46  0.0140547340155786
0.47000000000000003  0.008629217571734085
0.48  0.008916907114205896
0.49  0.012391933490356014
0.5  0.017935929509338366
0.51  0.02556608150675741
0.52  0.03565614335224696
0.53  0.048613101956401075
0.54  0.06476740078374207
0.55  0.08430047306124372
0.56  0.10717621645173644
0.5700000000000001  0.13308241122098366
0.58  0.16139433863454195
0.59  0.19117237680697147
0.6  0.22120168799776474
0.61  0.25007580435441557
0.62  0.27631796951884774
0.63  0.2985261307811224
0.64  0.31552141209772844
0.65  0.32647741083698
0.66  0.33100967863835384
0.67  0.32921110430501405
0.68  0.3216283256557735
0.6900000000000001  0.3091846665043314
0.7000000000000001  0.2930641172642553
0.71  0.27457669009122765
0.72  0.2550271571644053
0.73  0.23560686839479023
0.74  0.21732296388617806
0.75  0.20097196582227975
0.76  0.18715623714166266
0.77  0.17633249550321028
0.78  0.16887202416769237
0.79  0.16510424124903794
0.8  0.16531267929750965
0.81  0.16966025113920752
0.8200000000000001  0.17804244322769153
0.8300000000000001  0.18990065220312094
0.84  0.2040626815309074
0.85  0.21869604685740096
0.86  0.2314454716974521
0.87  0.23977348817344626
0.88  0.24144621235817074
0.89  0.23503610574018635
0.9  0.22028459732664346
0.91  0.19819971337215084
0.92  0.1708594232586439
0.93  0.14129739148900064
0.9400000000000001  0.11718958529963697
0.9500000000000001  0.12827922648702542
0.96  0.21716313131801124
0.97  0.3300163097999022
0.98  0.37918234242663307
0.99  0.3476410564552265
