0.0  0.4121404002543942
0.01  0.48308713195948716
0.02  0.5594815604832901
0.03  0.6393800724420401
0.04  0.7201746906282891
0.05  0.7986988680659078
0.06  0.8714220837300579
0.07  0.9347206482576178
0.08  0.985196921803873
0.09  1.0200071339019297
0.1  1.0371522409795204
0.11  1.0356886754734596
0.12  1.0158265690738852
0.13  0.9789002557765616
0.14  0.9272161712253164
0.15  0.863802486315714
0.16  0.7920990455265474
0.17  0.7156327666045103
0.18  0.6377217850540944
0.19  0.561242405509024
0.2  0.4884789554033252
0.21  0.42106124024020886
0.22  0.35998063177008605
0.23  0.30566616887144105
0.24  0.25809745474493545
0.25  0.21693138077292198
0.26  0.18162364009932447
0.27  0.15153198210194593
0.28  0.12599457372442893
0.29  0.10438240391221287
0.3  0.08612865542209089
0.31  0.07074017087247265
0.32  0.05779676553987074
0.33  0.04694363003913728
0.34  0.037880925375791526
0.35000000000000003  0.030353340754661458
0.36  0.02414117121110835
0.37  0.019053546029562277
0.38  0.014923850101130846
0.39  0.011607099612464956
0.4  0.008978990607130326
0.41000000000000003  0.006936450955830452
0.42  0.005399711436126057
0.43  0.004316092059805849
0.44  0.00366579703450307
0.45  0.0034699428028525164
0.46  0.003800725020042936
0.47000000000000003  0.004792996803069188
0.48  0.0066555703806065545
0.49  0.009679356358214092
0.5  0.014238252306259608
0.51  0.02077787721034358
0.52  0.029787328368051615
0.53  0.04175061608339377
0.54  0.05707761564879875
0.55  0.0760191539298293
0.56  0.09857652032812506
0.5700000000000001  0.12442095534863717
0.58  0.15284182808272265
0.59  0.1827416261095251
0.6  0.21269055313000754
0.61  0.24104365300161323
0.62  0.2661105905759426
0.63  0.2863554001260371
0.64  0.30059409531338915
0.65  0.3081550052736148
0.66  0.3089716316157882
0.67  0.3035903825055179
0.68  0.29309384097082236
0.6900000000000001  0.27896195135218693
0.7000000000000001  0.26291693731942983
0.71  0.24682022832043823
0.72  0.23270051628587873
0.73  0.22296217029434418
0.74  0.22070756160880375
0.75  0.2298891460950247
0.76  0.25478994026427976
0.77  0.2983836421919813
0.78  0.3597276619504768
0.79  0.4315918735404494
0.8  0.500265293184922
0.81  0.5488990419392848
0.8200000000000001  0.5636419689849719
0.8300000000000001  0.5395330252472309
0.84  0.4826550130551693
0.85  0.4071918474623466
0.86  0.3292437686797761
0.87  0.2610133530386982
0.88  0.2081042365978717
0.89  0.17026665496349636
0.9  0.14401300254229996
0.91  0.12520199833067686
0.92  0.11054876453830108
0.93  0.09802734956735716
0.9400000000000001  0.08663848583949953
0.9500000000000001  0.0760085875574751
0.96  0.0660657360394676
0.97  0.056847978861905506
0.98  0.048412346461911296
0.99  0.04079985020926519
