0.0  0.4430205752504787
0.01  0.4870752058612177
0.02  0.528299331681285
0.03  0.5670965962910351
0.04  0.6046384525503122
0.05  0.642630222643105
0.06  0.6828368584165984
0.07  0.7264279093912269
0.08  0.7732861592063313
0.09  0.8214880602914444
0.1  0.8671701645784295
0.11  0.9049210614774039
0.12  0.9286903932688642
0.13  0.9330296476340069
0.14  0.9143419072883974
0.15  0.871782356732872
0.16  0.8075434803074859
0.17  0.7264640222135295
0.18  0.6354772269069117
0.19  0.5467209255596606
0.2  0.4904072212261543
0.21  0.4926981715447489
0.22  0.47716175127169563
0.23  0.35728785990752143
0.24  0.2199500841990628
0.25  0.1443050702368369
0.26  0.10796936743762024
0.27  0.08551203158187587
0.28  0.07051030754780788
0.29  0.0616032813927792
0.3  0.058115515269990606
0.31  0.059676342746176864
0.32  0.06747101868609658
0.33  0.09289228775858578
0.34  0.16690826054353813
0.35000000000000003  0.2794311703025555
0.36  0.3367062238296014
0.37  0.35891922087720896
0.38  0.45497571327619485
0.39  0.5610679374589603
0.4  0.5539899402074248
0.41000000000000003  0.45906163455906385
0.42  0.3829176579572376
0.43  0.3646833587051869
0.44  0.3789986925738198
0.45  0.3997791058365954
0.46  0.41703352377064873
0.47000000000000003  0.4282193900698059
0.48  0.43260400058184684
0.49  0.4299640855395301
0.5  0.42043602949291115
0.51  0.4044977921079948
0.52  0.38294067180095637
0.53  0.3568256522859349
0.54  0.3274323933406505
0.55  0.2962100092799024
0.56  0.2647365755779034
0.5700000000000001  0.2346887531120159
0.58  0.20781436450367616
0.59  0.1858910332532858
0.6  0.17064676966025139
0.61  0.16361865283496446
0.62  0.16593810969671838
0.63  0.17805713475120422
0.64  0.19946456798595702
0.65  0.228473775016817
0.66  0.2621769237838633
0.67  0.29664267765775065
0.68  0.3273796408072885
0.6900000000000001  0.3500088759779998
0.7000000000000001  0.36101120478840354
0.71  0.35837004107150966
0.72  0.34194089822522206
0.73  0.31344668072267406
0.74  0.2761019509165899
0.75  0.23397250792989818
0.76  0.19124212631781395
0.77  0.1515655840579427
0.78  0.11763937664938216
0.79  0.09104214346190544
0.8  0.07231722583236126
0.81  0.061215583389047125
0.8200000000000001  0.056999633043043715
0.8300000000000001  0.058723213553350834
0.84  0.06543588998267597
0.85  0.07629551975906997
0.86  0.0906001546230252
0.87  0.10776451258244853
0.88  0.12726873739143046
0.89  0.14860225925067805
0.9  0.1712178331252035
0.91  0.1945034694689245
0.92  0.21777446721981827
0.93  0.2402842750591879
0.9400000000000001  0.2612509552504283
0.9500000000000001  0.2798950045343859
0.96  0.2954837716593812
0.97  0.3073775090908042
0.98  0.3150721858537013
0.99  0.3182346183904121
