0.0  0.04183470949429561
0.01  0.054684384467632095
0.02  0.07242069015243344
0.03  0.09901028372437252
0.04  0.1415114115008094
0.05  0.2096077918837711
0.06  0.31220264960161603
0.07  0.45212599902228146
0.08  0.6231877303759671
0.09  0.8112806128093035
0.1  0.9936029970865182
0.11  1.133595062360713
0.12  1.1875821848333727
0.13  1.1360339391696581
0.14  1.0118577911280935
0.15  0.884276968067104
0.16  0.8095034031666548
0.17  0.8012250407110209
0.18  0.8420353410100254
0.19  0.9094504407721758
0.2  0.9898684946020595
0.21  1.0787261683011071
0.22  1.1760506042287369
0.23  1.2826680023076393
0.24  1.3975666290476192
0.25  1.5159240069435291
0.26  1.6279864614783957
0.27  1.7194535519565388
0.28  1.7737970942703634
0.29  1.7761897872821337
0.3  1.7178543773014159
0.31  1.5991945513838446
0.32  1.4303818980476102
0.33  1.2290716704549787
0.34  1.016104958010187
0.35000000000000003  0.8108064946655549
0.36  0.6274540088874778
0.37  0.47378838508635807
0.38  0.35150642666965737
0.39  0.25800526330868045
0.4  0.18845965785977373
0.41000000000000003  0.13753811498137292
0.42  0.10045843423796841
0.43  0.07341931931495849
0.44  0.05361409840349262
0.45  0.039048509760886196
0.46  0.028318390449810535
0.47000000000000003  0.02042334339532342
0.48  0.014635530902928434
0.49  0.010415161370366303
0.5  0.0073572749203090915
0.51  0.005157069992338206
0.52  0.003586228591499171
0.53  0.0024806622437401143
0.54  0.0017668750747514678
0.55  0.0016279881435990577
0.56  0.0029122898219522686
0.5700000000000001  0.007285253689984677
0.58  0.015605161047208762
0.59  0.024775841267954124
0.6  0.0283252584145517
0.61  0.023174257877548666
0.62  0.013549731362173864
0.63  0.005663580926733208
0.64  0.001696963597465657
0.65  0.0003688818691129179
0.66  6.168859860755938e-05
0.67  1.0409714258264597e-05
0.68  3.1280123115623835e-06
0.6900000000000001  1.575206757577522e-06
0.7000000000000001  8.884176539644418e-07
0.71  5.02098185904767e-07
0.72  2.8074105578187486e-07
0.73  1.551523148359813e-07
0.74  8.474685947784374e-08
0.75  4.575101346810485e-08
0.76  2.4411207279864132e-08
0.77  1.2873275148145676e-08
0.78  6.70965194711373e-09
0.79  3.4563842524412947e-09
0.8  1.7597666864557449e-09
0.81  8.855216720153932e-10
0.8200000000000001  4.4040710205660503e-10
0.8300000000000001  2.1648132817689167e-10
0.84  1.0517138202086515e-10
0.85  5.049934245366283e-11
0.86  2.396541036828453e-11
0.87  1.1240743051083549e-11
0.88  5.210941223862164e-12
0.89  2.387527222949488e-12
0.9  1.0811637926985397e-12
0.91  4.83888897199787e-13
0.92  2.1404782783343718e-13
0.93  9.35808522124086e-14
0.9400000000000001  4.0436556991752526e-14
0.9500000000000001  1.7269205105245486e-14
0.96  7.28922789458825e-15
0.97  3.040897017382224e-15
0.98  1.2538133800867378e-15
0.99  5.1094610272758515e-16
