0.0  0.042445494701146294
0.01  0.05671922205135727
0.02  0.07447268715898167
0.03  0.09607976297493052
0.04  0.12179656518645451
0.05  0.15170731332053564
0.06  0.18567207782695255
0.07  0.22328303146537298
0.08  0.2638363780022087
0.09  0.30632674496962037
0.1  0.3494693672029187
0.11  0.3917529040853352
0.12  0.43152248527330345
0.13  0.4670890121788688
0.14  0.49685740185898025
0.15  0.5194638535937219
0.16  0.5339106493402545
0.17  0.5396864354524681
0.18  0.5368599965337064
0.19  0.5261356861622472
0.2  0.5088586282079735
0.21  0.48695801542112416
0.22  0.46281997495114885
0.23  0.4391171349215248
0.24  0.4190254768059914
0.25  0.4097737053494517
0.26  0.43669399096362477
0.27  0.5523701083535361
0.28  0.7635017685213848
0.29  0.9195654180168795
0.3  0.8605736310463785
0.31  0.6724295788137912
0.32  0.539432595888517
0.33  0.5005787462219764
0.34  0.5039782232744486
0.35000000000000003  0.5149199699240438
0.36  0.5244448100452418
0.37  0.5317651625086913
0.38  0.5409700988969144
0.39  0.5842627808700229
0.4  0.7148011133192561
0.41000000000000003  0.7997625451019191
0.42  0.6810580270607061
0.43  0.5495401956908977
0.44  0.5020843990164275
0.45  0.4808619957598121
0.46  0.4618835223184178
0.47000000000000003  0.4448526035015019
0.48  0.432199107168261
0.49  0.42619216613636013
0.5  0.42867271862947975
0.51  0.441188969953134
0.52  0.46533763194401045
0.53  0.5028812367011659
0.54  0.5550305540304222
0.55  0.6205767432613987
0.56  0.6934480915952274
0.5700000000000001  0.7613021780190903
0.58  0.8070036180659224
0.59  0.813577181368077
0.6  0.7709079529861153
0.61  0.680725297597129
0.62  0.5568539008263151
0.63  0.4203432007349399
0.64  0.2920622537137787
0.65  0.18652121486263903
0.66  0.10941993427468143
0.67  0.05897122047514513
0.68  0.02922609980605953
0.6900000000000001  0.013345973976964125
0.7000000000000001  0.005634953304091414
0.71  0.0022126187283433903
0.72  0.0008156225403569536
0.73  0.00028649312530612276
0.74  9.805780838310225e-05
0.75  3.369488537856362e-05
0.76  1.2005390317294716e-05
0.77  4.540303918797156e-06
0.78  1.8442805780956208e-06
0.79  1.2979554615629673e-06
0.8  1.2592549407289178e-05
0.81  0.00017899575309863132
0.8200000000000001  0.0016208806906449242
0.8300000000000001  0.009119953572260336
0.84  0.031860374197300624
0.85  0.06910551742030069
0.86  0.09306726597275182
0.87  0.0778866737260209
0.88  0.04117108157090089
0.89  0.018396897800444595
0.9  0.027827778618494572
0.91  0.08063198735019539
0.92  0.1736253896213482
0.93  0.25477867970340035
0.9400000000000001  0.2538583149609021
0.9500000000000001  0.1717282097127775
0.96  0.07887002347519977
0.97  0.024592479621555516
0.98  0.005206102220459731
0.99  0.0007482437240422094
