0.0  0.0011122017057568618
0.01  0.002374086850824488
0.02  0.004907459514902641
0.03  0.009687628226702926
0.04  0.018107030194699086
0.05  0.03188012080664686
0.06  0.052714351584810894
0.07  0.08171876159622411
0.08  0.11865652697539276
0.09  0.16131169558034722
0.1  0.20533383651729836
0.11  0.24484132647149842
0.12  0.2737778282224333
0.13  0.2891659552474008
0.14  0.3533723275855947
0.15  0.35850456698295363
0.16  0.2439397229511416
0.17  0.20987392580674388
0.18  0.18221023343210946
0.19  0.16190712422182554
0.2  0.15140469872863288
0.21  0.15129219165118787
0.22  0.1610875817679959
0.23  0.18016771000802184
0.24  0.20848428399384877
0.25  0.2467600266843826
0.26  0.29594196442775456
0.27  0.35590531565105415
0.28  0.423832923877388
0.29  0.4931811503420645
0.3  0.5542436206499328
0.31  0.59666143775758
0.32  0.6129978148158789
0.33  0.6015557636046255
0.34  0.5668367491964034
0.35000000000000003  0.5174135496312781
0.36  0.46251692341919914
0.37  0.40917904342812067
0.38  0.36107922742378057
0.39  0.31902821840273693
0.4  0.28223559836749745
0.41000000000000003  0.24948474377242977
0.42  0.21979562029009786
0.43  0.19260737160335464
0.44  0.1677084917554495
0.45  0.14511523352290076
0.46  0.12499324294051496
0.47000000000000003  0.10763520027382487
0.48  0.09347196631924387
0.49  0.0830878956713066
0.5  0.07721214574017664
0.51  0.07666066938245159
0.52  0.08221257456350331
0.53  0.09442327671832264
0.54  0.11339979276880013
0.55  0.1385805489552525
0.56  0.1685711566203076
0.5700000000000001  0.2010944472513438
0.58  0.2331136229895229
0.59  0.2611622848816636
0.6  0.28185389558730767
0.61  0.2924679627930329
0.62  0.29146273449402965
0.63  0.2787719765570705
0.64  0.2558029680291848
0.65  0.22513889975860227
0.66  0.19003027052788818
0.67  0.15381054079043335
0.68  0.11937729496389725
0.6900000000000001  0.08884400484605863
0.7000000000000001  0.06340655283129078
0.71  0.043407244540172495
0.72  0.028538449048085314
0.73  0.01812013695859819
0.74  0.011411147261489814
0.75  0.007961319873356631
0.76  0.008049661725279749
0.77  0.013223346067530407
0.78  0.026784813169533933
0.79  0.05377743158915586
0.8  0.09980710578882013
0.81  0.16832045674716378
0.8200000000000001  0.2569977212981098
0.8300000000000001  0.3552517679703629
0.84  0.4452127252455605
0.85  0.5070114083472965
0.86  0.5262761788203407
0.87  0.4997960723073819
0.88  0.43618135610222786
0.89  0.3515328802190004
0.9  0.26301906982846657
0.91  0.18375834410241615
0.92  0.12072908337693028
0.93  0.07537207019121732
0.9400000000000001  0.045527210780910404
0.9500000000000001  0.02746296108166675
0.96  0.017352367778630952
0.97  0.012063506567494123
0.98  0.009400131874559695
0.99  0.008009669612947686
