0.0  0.10615678878837333
0.01  0.11205766336476763
0.02  0.11665874102113438
0.03  0.11977894749980127
0.04  0.12129448735683684
0.05  0.12114835059616454
0.06  0.11935672550903786
0.07  0.11601345869339313
0.08  0.1112954397377367
0.09  0.10547340224860549
0.1  0.09893222524662046
0.11  0.0921991061805662
0.12  0.0859642184926111
0.13  0.08105933555264913
0.14  0.0783487321292343
0.15  0.07850550300225739
0.16  0.0817095470524695
0.17  0.0873919424951074
0.18  0.09420288861296568
0.19  0.10032665283498608
0.2  0.1040957506951704
0.21  0.10465752400771651
0.22  0.10236489784499984
0.23  0.09868357979461717
0.24  0.09566647361320395
0.25  0.0952687675620285
0.26  0.0988192965919153
0.27  0.10682191236507216
0.28  0.11905780927767005
0.29  0.13483227071153978
0.3  0.15320766132089914
0.31  0.1731451872665714
0.32  0.1935644961244659
0.33  0.21337361679377675
0.34  0.231517686868999
0.35000000000000003  0.2470653890889128
0.36  0.2593211781666278
0.37  0.26793323493796456
0.38  0.27296484775244206
0.39  0.2749067574252912
0.4  0.2746227864474411
0.41000000000000003  0.2732337359262794
0.42  0.2719513175906964
0.43  0.27187639568511535
0.44  0.27377994889534385
0.45  0.2778964523435666
0.46  0.2837771018363928
0.47000000000000003  0.29026502219037087
0.48  0.2956521399411207
0.49  0.2980459398830284
0.5  0.2959062804190503
0.51  0.28860314211000465
0.52  0.2767171932389268
0.53  0.26176530827903205
0.54  0.2452747631665668
0.55  0.22768936565404824
0.56  0.20802895756271456
0.5700000000000001  0.18485224981892426
0.58  0.15790070797236821
0.59  0.12897837046655364
0.6  0.10122783534945845
0.61  0.07745706537864212
0.62  0.058917891837358405
0.63  0.04526889918726661
0.64  0.03534368046286797
0.65  0.02793827404951586
0.66  0.022189993662983323
0.67  0.017594349245775638
0.68  0.013880295828680216
0.6900000000000001  0.01089460675921058
0.7000000000000001  0.008536866787068269
0.71  0.006732883663015165
0.72  0.005427027070147335
0.73  0.004581634988558732
0.74  0.004178316513230579
0.75  0.004219176655126649
0.76  0.00472712044081723
0.77  0.005744721940469092
0.78  0.007331241345544658
0.79  0.00955745282919301
0.8  0.012498090667123955
0.81  0.016221964167478776
0.8200000000000001  0.020780134411671168
0.8300000000000001  0.026192958122146167
0.84  0.03243722726326855
0.85  0.03943498523693178
0.86  0.04704578961301699
0.87  0.05506413396371391
0.88  0.06322338500302777
0.89  0.07120693372740729
0.9  0.07866636060828622
0.91  0.08524539615926284
0.92  0.09060748535048316
0.93  0.09446401856130063
0.9400000000000001  0.09659993186200477
0.9500000000000001  0.09689350487299792
0.96  0.09532780856111829
0.97  0.09199229616520126
0.98  0.08707432311222896
0.99  0.08084171012401305
