0.0  0.21100839981780772
0.01  0.2332341868953997
0.02  0.2570626005932145
0.03  0.28284892885318286
0.04  0.31101023262583444
0.05  0.34196625441968975
0.06  0.37605074758321355
0.07  0.41339923011258467
0.08  0.4538269195871385
0.09  0.49671792632768713
0.1  0.540951529108474
0.11  0.5848914046946504
0.12  0.6264576019105654
0.13  0.6632887738765788
0.14  0.6929853766076824
0.15  0.71340650151886
0.16  0.722977976997059
0.17  0.72096143605993
0.18  0.7076359086621401
0.19  0.6843555538317658
0.2  0.6534671973175373
0.21  0.6180950890385677
0.22  0.5818225107688059
0.23  0.5483158286742404
0.24  0.5209433446699234
0.25  0.5024383321914969
0.26  0.49464474589717217
0.27  0.49836861661960125
0.28  0.5133418483650144
0.29  0.5382911417201193
0.3  0.5710948716088574
0.31  0.6090052789328015
0.32  0.6489115068989373
0.33  0.6876195219094235
0.34  0.7221265987150889
0.35000000000000003  0.7498701078395625
0.36  0.7689327012788038
0.37  0.7781889555846149
0.38  0.7773825131972111
0.39  0.7671279708986547
0.4  0.7488380074358876
0.41000000000000003  0.7245829148951797
0.42  0.6968959254508649
0.43  0.6685426027491365
0.44  0.6422754072616156
0.45  0.6205950449492311
0.46  0.6055384999146631
0.47000000000000003  0.5985102225800248
0.48  0.6001684733602386
0.49  0.6103739790959533
0.5  0.6282033479642994
0.51  0.652025361698906
0.52  0.6796343465555097
0.53  0.7084312157725151
0.54  0.7356393912671866
0.55  0.7585397055871743
0.56  0.774705810577192
0.5700000000000001  0.7822200045671093
0.58  0.7798492384968823
0.59  0.7671628193594673
0.6  0.7445772638833099
0.61  0.7133198758040877
0.62  0.6753106437925858
0.63  0.6329713973610896
0.64  0.5889809067702518
0.65  0.5460035193026893
0.66  0.5064254172783161
0.67  0.4721349222863616
0.68  0.4443798959174765
0.6900000000000001  0.42372536491519486
0.7000000000000001  0.41011851728915105
0.71  0.4030483913113424
0.72  0.4017677795712797
0.73  0.40552990102855646
0.74  0.4137867231624145
0.75  0.42630209703131094
0.76  0.44315079510883754
0.77  0.4646005397526747
0.78  0.49090208393808304
0.79  0.5220353825252955
0.8  0.5574720241818627
0.81  0.5960123391770452
0.8200000000000001  0.6357405180886915
0.8300000000000001  0.6741165316190367
0.84  0.708195566802113
0.85  0.7349404242232015
0.86  0.7515750149049253
0.87  0.7559206892084156
0.88  0.7466619816456239
0.89  0.7235025347578877
0.9  0.6871919711025315
0.91  0.6394261389052387
0.92  0.5826424776364015
0.93  0.5197461303933312
0.9400000000000001  0.453809091670455
0.9500000000000001  0.38778382962721836
0.96  0.3242655378541124
0.97  0.26532554209224746
0.98  0.2124250008650453
0.99  0.16640542561131458
