0.0  0.4650356049677934
0.01  0.49249250945577544
0.02  0.5113161465885174
0.03  0.5211076489734898
0.04  0.522235558541045
0.05  0.5158003127429232
0.06  0.5035053236198116
0.07  0.4874525650830934
0.08  0.4698925132606554
0.09  0.4529651435063069
0.1  0.4384726573394016
0.11  0.4277425052259938
0.12  0.42172867223707144
0.13  0.4217533782122585
0.14  0.43156847873673126
0.15  0.4606362573851368
0.16  0.5249950489759441
0.17  0.6379787165240023
0.18  0.7888189812938968
0.19  0.9277974815679504
0.2  0.9866293296004953
0.21  0.9294694441920903
0.22  0.7840061871193982
0.23  0.6165620779167765
0.24  0.4803394032042402
0.25  0.38990220774895484
0.26  0.33306741402012163
0.27  0.2930866738262716
0.28  0.25974711526750965
0.29  0.2294254302347094
0.3  0.20189517447554128
0.31  0.1781155721229879
0.32  0.159348534545267
0.33  0.14690777028152588
0.34  0.14207648386384314
0.35000000000000003  0.14600918508749622
0.36  0.1595510567653931
0.37  0.18296539766967362
0.38  0.21562293362341656
0.39  0.2557729310449863
0.4  0.3005390519675375
0.41000000000000003  0.34621989248883006
0.42  0.3888372898095999
0.43  0.42474601120344024
0.44  0.45109219585284416
0.45  0.4660100313683811
0.46  0.468599992687902
0.47000000000000003  0.45882284782305294
0.48  0.4374182449916118
0.49  0.4058606069458262
0.5  0.36628867537774423
0.51  0.32134190249096717
0.52  0.2738920534192296
0.53  0.22672000284815255
0.54  0.18221568352996106
0.55  0.14216704228739008
0.56  0.10766914910790366
0.5700000000000001  0.07914855386666761
0.58  0.056473442107757774
0.59  0.03911023627964887
0.6  0.026289316914432672
0.61  0.017151801463659626
0.62  0.010861283795854182
0.63  0.0066756446135926946
0.64  0.003982407068014677
0.65  0.0023058886223547375
0.66  0.001295898904785856
0.67  0.0007068771699275418
0.68  0.00037424565118384973
0.6900000000000001  0.00019231337872377567
0.7000000000000001  9.591844467822163e-05
0.71  4.643384288373466e-05
0.72  2.1817600154833766e-05
0.73  9.94991034703137e-06
0.74  4.404242132245004e-06
0.75  1.8921825488499674e-06
0.76  7.890321576188351e-07
0.77  3.193494719432118e-07
0.78  1.2545198447239139e-07
0.79  4.7833120506432655e-08
0.8  1.7701894708619867e-08
0.81  6.358441428884993e-09
0.8200000000000001  2.2167744617748496e-09
0.8300000000000001  7.501226803513175e-10
0.84  2.4636731538204394e-10
0.85  7.85369381367815e-11
0.86  2.4299929851351816e-11
0.87  7.297538399072222e-12
0.88  2.127101719732257e-12
0.89  6.017843468688387e-13
0.9  1.6524739962807156e-13
0.91  4.404230174377388e-14
0.92  1.139325278115936e-14
0.93  2.8606771787646378e-15
0.9400000000000001  6.971638788047286e-16
0.9500000000000001  1.6491039675751887e-16
0.96  3.786270444636085e-17
0.97  8.437827020536253e-18
0.98  1.8252086283432036e-18
0.99  3.8323824683314733e-19
