0.0  1.6496256476323815e-06
0.01  3.7070644394457573e-06
0.02  9.910023417824786e-06
0.03  3.015401256673658e-05
0.04  9.569141949861989e-05
0.05  0.0002959927612270067
0.06  0.0008607573364025217
0.07  0.002314423892553943
0.08  0.005711819708051277
0.09  0.012896704164633718
0.1  0.02660559797533358
0.11  0.05012781661883113
0.12  0.08627049077982527
0.13  0.13570431692880258
0.14  0.19533315579531066
0.15  0.2577715131822933
0.16  0.31282797965847986
0.17  0.3509860810012216
0.18  0.36779880874899723
0.19  0.3667326823171137
0.2  0.35565973031894876
0.21  0.33652305391634707
0.22  0.3036299954201608
0.23  0.2582152090053512
0.24  0.2128879040687159
0.25  0.17700497433108237
0.26  0.15040500653925812
0.27  0.13045642297505533
0.28  0.11658056088113163
0.29  0.10944761056131408
0.3  0.10955203748479041
0.31  0.11677012002685688
0.32  0.13051270695211026
0.33  0.1500444044654613
0.34  0.1747449140719236
0.35000000000000003  0.20422325568731997
0.36  0.23828300141525255
0.37  0.27677872476728876
0.38  0.3194131327559741
0.39  0.3655219454151145
0.4  0.4138929014272451
0.41000000000000003  0.46266665163931653
0.42  0.5093629696262322
0.43  0.5510578664306883
0.44  0.5847043651241083
0.45  0.6075489597005954
0.46  0.6175606435815059
0.47000000000000003  0.6137742012011831
0.48  0.5964628561311498
0.49  0.5670956958966932
0.5  0.5280903430067667
0.51  0.4824229263749562
0.52  0.43318870681921134
0.53  0.383208957769429
0.54  0.3347551136180822
0.55  0.2894210426265223
0.56  0.24813345468020734
0.5700000000000001  0.2112612969573486
0.58  0.1787733996225568
0.59  0.15039836303873552
0.6  0.1257556251192721
0.61  0.10444434286240632
0.62  0.08609129195841744
0.63  0.07036757889711821
0.64  0.05698658337802043
0.65  0.04569397528723724
0.66  0.03625712821823702
0.67  0.028457597103449618
0.68  0.022087559665897115
0.6900000000000001  0.01694952527224638
0.7000000000000001  0.012858013292612793
0.71  0.009641940796462757
0.72  0.0071467965749451735
0.73  0.005236077737350196
0.74  0.0037918006108119003
0.75  0.0027141265675604915
0.76  0.001920270294464281
0.77  0.0013429070004597117
0.78  0.000928293196566375
0.79  0.0006342856000926297
0.8  0.0004284006356960851
0.81  0.0002860133452858956
0.8200000000000001  0.00018875523694033495
0.8300000000000001  0.00012313854915023005
0.84  7.941039432600009e-05
0.85  5.062384798067757e-05
0.86  3.190316799734251e-05
0.87  1.987558376288913e-05
0.88  1.224109188403032e-05
0.89  7.453178955940389e-06
0.9  4.486329767562028e-06
0.91  2.6697856479398758e-06
0.92  1.5707411678109337e-06
0.93  9.136577204910653e-07
0.9400000000000001  5.254372923135747e-07
0.9500000000000001  2.9876151838551456e-07
0.96  1.6795885040593584e-07
0.97  9.336063347656657e-08
0.98  5.1311610136751303e-08
0.99  2.788475527831295e-08
